0_10555502fa7b3027283ffcfc40c29975 26.001349258422852 0.9432432510852814 0.05397418241202831
1_107699ca67fcdf3fea999fe4ffdc2504 25.740675888061524 0.9476532201766967 0.08905119953677058
2_1176dff7f0ec879719d740e0f6a9a113 23.916530361175536 0.9398962225914002 0.06699452774971723
3_12498dd65e8d65ac3b6f5204eb590354 20.791906032562256 0.8741017632484436 0.13024068135395647
4_129921679aaa3009e44df9b78a00d12c 23.80460379123688 0.9232211713790893 0.07774052212759852
5_12d463649ed6c176ab98a7077c964a60 24.082975568771364 0.9226064186096191 0.06590183352679015
6_137f67657cdc9da5f985cd98f7d73e9a 27.294770526885987 0.9454988751411438 0.07236922533437609
7_1399eab8ad7262eb7f3efc94c2d31dc5 26.35883065223694 0.9485170044898987 0.055678142195567486
8_13d0f68f32a86bdfe3857ce739e6606f 24.651192789077758 0.9283333313465119 0.09040796457231044
9_15e52e44cdcc80ed13ded1857c15b5b6 20.625489916801452 0.9423286716938019 0.13204387260973455
10_167ec61fc29df46460593c98e3e63028 22.360228757858277 0.9116397094726563 0.10392641478404403
11_1713a1ac8aedcc522b12ea83455b0f44 22.051059432029724 0.9131834561824799 0.11159836101531982
12_17f89c25a3142ee09d2b99af43da16b3 24.376160259246827 0.9134276568889618 0.08018817666545511
13_191f9cd970e5b0cc174ee7ebab9d8065 26.22769124984741 0.9571707985401153 0.05712867494300008
14_1963641a15916c03709ce7955adef61b 23.99905870437622 0.9378721139431 0.0777559840530157
15_1a0bc9ab92c915167ae33d942430658c 25.681203765869142 0.9362292721271515 0.08529840707778931
16_1ad321f067ffbe7e51a95aaa6caba1d3 21.35708385467529 0.9093510775566102 0.09838109919801355
17_1b2ef0809ca1abc7ca92a4cdad802b45 24.32342200279236 0.9374694707393646 0.08732628097385169
18_1bace29924c0ae42226fc3902f16303f 20.739458785057067 0.8721198868751526 0.1361383503228426
19_1c14ef4c48b7d95d61c6c61410fc904b 27.31922667503357 0.9366827936172485 0.09381096659228205
20_1e6e7bfb08b6b44d615949fb78ffe44f 19.55536494255066 0.8781449227333069 0.11772580268234015
21_1ec1c4aa9190e767da5421a736792418 22.359058685302735 0.9187250437736512 0.08109292688593268
22_1f37a6fbdf7c807e7d439639178556bc 27.461936321258545 0.9457907629013061 0.07454627016559243
23_1f7393970917e558b4a20251cec15600 27.003122539520263 0.9473440005779267 0.05528666481003165
24_1feaf720692bdacc27a1a7fdc1941283 26.263700885772707 0.9501667509078979 0.0694962725378573
25_209c79dbd4f7ad944ee32d005103a21a 28.735564155578615 0.9450597794055938 0.07667613545432687
26_20e01ed9c14d4659e61b9ff60b1be412 21.768318853378297 0.9233667156696319 0.08776903631165624
27_2262d8b1d5fc79b67211919686015200 22.9621977519989 0.9206802968978882 0.07295936929434538
28_227ab69792241382acfaf62fe6ca656 26.108552913665772 0.9462964043617249 0.05050597818940878
29_22d57b895b9cd22137ca7da637f7c918 25.78370987892151 0.9522502226829529 0.057379194125533106
30_23e7ae83601f893b575116d39d0ffbba 26.951303186416627 0.9513275246620179 0.05340976783446968
31_23e8adb3bf1961f85332d3b92481b499 25.18221014022827 0.9329098205566406 0.07350125419348479
32_24819ffdc34b28efe4bee94a37836d67 26.776522903442384 0.9550440101623535 0.06946842911466956
33_24c0c6d558d4d01d8772618b7452025 26.723557682037352 0.9376245102882386 0.07476223734766245
34_24dc3903b254fe41b448bf2dc92c4fab 21.22367318153381 0.9176441690921784 0.09411053121089935
35_26c382bda051376daebb91b7dc4caa91 25.19706009864807 0.9464661877155304 0.07901159954816103
36_26d201a532879a60a7fd25564c2e888e 23.697690715789793 0.9173751139640808 0.0921956081353128
37_27495a8836ead3d55c5dd9508493909b 31.046071395874023 0.9658097996711731 0.05317791194096207
38_2b043f3cae45d4937cbc6cda01aaca49 25.694887676239013 0.9516656959056854 0.05683260775730014
39_2b075c9c5d85bc779c75e543b21e90a7 19.903221883773803 0.8950818591117858 0.10176300003379583
40_2bcdaa6516a98b552abd245afcc79403 28.47304711341858 0.968342549085617 0.046798017103224995
41_2c1c8c4aee1e79d52aa494042b7c9db 24.314705905914305 0.911429725408554 0.10477574311196804
42_2c304c54a6141d214ff3c6764341833 27.20109697341919 0.9569552941322327 0.049223831376060845
43_2cc413c3ea9800b3cf1e58caa15acb49 22.757648186683653 0.911421086549759 0.09433460820838808
44_2d1adb247cc7a1e353da660a6567c5ff 26.65349102973938 0.946134925365448 0.0629073590543121
45_2d41d907b7cb558db6f3ca49e992ad8 19.73546103000641 0.8756382908821106 0.1288965217322111
46_2e37013195d95f494470fce578e2b84c 26.912424392700196 0.9511079986095429 0.05218775325268507
47_2ef61a1083304211d27be7764701cfe 22.32402717590332 0.9211191809177399 0.09574256490916014
48_2faa3cff00d98abdf5274507f44ab711 22.4808184337616 0.9303491258621216 0.10531008509546519
49_2fe4a878e34bd3bab8013668e30e23b0 27.423573846817018 0.949104619026184 0.06100136041268706
50_3026dc837dc5dd7a157e36ecb370d387 21.742759552001953 0.9100876305103301 0.11040578439459205
51_307e83044ed81f6c473f10e6caaeca56 25.527711191177367 0.9296983461380005 0.08369040370918811
52_30964e51b5218487577fbd27130e143 23.033123846054078 0.9271864676475525 0.08623366714641452
53_3129657917191e101f0d59cde6139796 26.14705348968506 0.9487539155483246 0.07054445698484778
54_3134927c492c39e241d7734b73edc062 26.03668025970459 0.9336200888156891 0.08588477009534835
55_31998170afc1a0b9d13bda570aea1f6d 26.91591516494751 0.9518632836341858 0.056271439665928485
56_34412b56217de1112b12ea83455b0f44 26.525382232666015 0.9387732756137848 0.06902253115177155
57_34762df3ff8961188bb11dbc05ffaa74 25.661988410949707 0.937278207540512 0.06539691135846079
58_34b507c24d9eab7f7eaeab1f0c9120b7 31.158131217956544 0.9645591487884522 0.06163263560086489
59_350be6825c19fb14e0675251723e1e08 24.95011255264282 0.9324301438331604 0.07134017895162105
60_35155f8cacf6d72471fc7d1bbf34b979 25.53995167732239 0.9414510865211487 0.05577477569319308
61_358ddbe8b39125e9e81913b1de19c3f7 24.228430671691896 0.9393826200962067 0.08237210670113564
62_35de0d0cc71179dc1a98dff5b6c5dec6 25.018653602600097 0.9347653207778931 0.05913891844078899
63_36b23cc38786599285089a13cc567dbd 22.29006182193756 0.942517765045166 0.1472931862398982
64_37e781aa8ae8933a61c6c61410fc904b 26.259567465782165 0.9276613767147064 0.11117732325196267
65_3831ed7bc22100f7c3c8fbe62717803d 24.71581350326538 0.918310941696167 0.07836375091224909
66_38334022b922a9d4e7540f431cab4686 24.46027186393738 0.928472275018692 0.09016333648562432
67_38f403b915d950d3ce8f4a5eeb103d2 28.60459979057312 0.9442474055290222 0.08169779244065285
68_3a46c9b9e8b18d6a61c6c61410fc904b 21.352097358703613 0.8986889584064484 0.10260384849831462
69_3ac08e66bd7da4c35da01f298003d56 28.322694091796876 0.9517636923789978 0.08676694542914629
70_3b2e74068fee2458dd1e15301c83686f 29.94393042564392 0.9644058573246003 0.06233700589835644
71_3c02c18d64d3f13b8c988ea512260358 27.714378633499145 0.9532343285083771 0.057142401227727534
72_3c103561d9a29ae7ddacb20b6a591772 23.3534877204895 0.9059918394088745 0.11860899456590414
73_3d6e798bed67ab81f00cd8c386c592fe 22.220605583190917 0.9215396437644958 0.07172266321629286
74_3dd52c850785a6ebbaf1745483a8b34a 27.62697904586792 0.9551796498298645 0.0598053465411067
75_3ddda21d4496fbc693680c5a9a367b4a 26.318846282958983 0.9449899349212646 0.055789393559098246
76_3ed487192c098a36811090af72684c2a 24.180848026275633 0.9157123501300812 0.10807115123420953
77_3ef041182cc1d037a9d3767c58267708 25.858564596176148 0.9360299742221833 0.08515165472403169
78_3efdb762f2663a014c9dc258dd1682ab 23.141452112197875 0.9337599925994873 0.08732744351401925
79_40e51788da97a9c7212ff4933c4abe56 20.143721914291383 0.8536688213348389 0.1435514375716448
80_41d9a381c12ee3e2b7863a3a9a8d5d0d 27.17859160423279 0.9563268427848816 0.05433544874936342
81_420519a0f7390564f500cc506a763c18 24.93237543106079 0.9454760959148407 0.05927160349674523
82_42ca4f6a7d7a39712a9eb0f146e94477 28.262682132720947 0.9574755086898804 0.07532335399836301
83_42eb287e220fd02c2e466666025c187 23.346345567703246 0.9111768796443939 0.06843986306339503
84_431ca41fdf0897c628ccbb4eb8965b05 20.614819679260254 0.8993446297645569 0.08835967127233743
85_43fc65dfe952a7f4cf6923c08156107b 26.15929762840271 0.935899694442749 0.05296658615395427
86_44cc90939a67b72c71778fcae3da6f00 25.665293445587157 0.9365872347354889 0.071177997790277
87_468be6b80d1c7dd655ac255cda83e91 24.284162015914916 0.9219061541557312 0.08495315292105078
88_471673f3f062abd473f10e6caaeca56 25.72500557899475 0.9357092194557189 0.07318526785820723
89_472f62cb87c3f1606e04fb225ca92772 24.628143606185912 0.9346322712898254 0.07358876600302756
90_477ffb061f40e10e148f8c864a546424 28.713608598709108 0.9586608555316926 0.05001061847619712
91_481c55b1fa36f6c7d834dead2eb68d68 23.555978837013246 0.9169183659553528 0.10065395102649927
92_48862b67f5932cd4473f10e6caaeca56 24.06568413734436 0.9271165878772736 0.07860342063754797
93_491653e537f1a701697b84068abf146c 25.15643992424011 0.9310710234642029 0.08489592939987779
94_49888b45d4bf55a530855e8db75dec30 31.649149036407472 0.9632920475006104 0.06595557187497615
95_49d6a631f23a324cde361784b4e1f04 28.58207781791687 0.9602346103191376 0.05528364973887801
96_49f3932e6fe0828951cc889a6330ab15 22.287534408569336 0.9240813286304473 0.08513939161971211
97_4c6aa3e7a8130295b528c0abff96f586 24.025861558914183 0.9343134272098541 0.0896078083589673
98_4dad98955a47e81a8b3877a62f2cbe1d 24.13928586959839 0.9097942085266113 0.10070480411499738
99_4dd97a6805c2797d18d95feceda870ca 27.95678249359131 0.9483550925254822 0.06855740677006543
100_4eb5ec5502561124875fb780d36841f 23.014640321731566 0.9279202227592468 0.0729857501462102
101_4eeac6360031021b8141ca5f94f1242d 22.892330493927002 0.9170143444538117 0.09015415240079165
102_4fcf76fa7f07a0008bb11dbc05ffaa74 25.513991165161134 0.9321576550006866 0.062333183148875836
103_5089b134ef31941edacf4de272c1e30 21.352162413597107 0.9134219222068787 0.06869857116788626
104_528c01214da6d4bca7fd25564c2e888e 25.08316277503967 0.9276437871456146 0.0876061470285058
105_52a988b361f6cefd685753e73124c6e8 24.01425807952881 0.9390060756206512 0.06359584086015821
106_52c589e86fd500cd4a42886683bb52d2 19.9276481628418 0.8781599812507629 0.11310710236430169
107_53507d1d09b3c2671cd97374110efb0a 24.423845643997193 0.9324187099933624 0.07156610418856144
108_545abd37dd50dad953536e7c905b301 26.628928842544557 0.9455750930309296 0.0516418747715652
109_56c056544a2fba1614d5081e13f5a1db 26.69228540420532 0.9357309958934784 0.08327344823628664
110_56cca58a4f37323bd0889537a7d54003 25.40076195716858 0.9555642800331116 0.06263245326466858
111_575ac5c53ab9fe21a26fdd1a1e470de9 24.156618690490724 0.9220481686592102 0.08201170026138425
112_57aa7560dcfecea81edf5a868fdffb8d 30.82508996963501 0.9734745228290558 0.04493426513299346
113_5801f9eb726b56448b9c28e7b121fdbc 18.71582242012024 0.8862477102279663 0.11769312852993608
114_58569e7feac27d3e5da8146fec888d45 23.13491572856903 0.9206473574638366 0.08636953669786453
115_5881807902ace2dc7d26edf2a8ffb68 25.25330651283264 0.9319921329021453 0.08338957032933832
116_58d9741ad324623e9872e22d6b8eb647 23.915397357940673 0.9267555384635925 0.08203178924694657
117_58f447ce8de6b9794c40f34de8f3bdb8 24.695281519889832 0.9351414983272552 0.07846229406073689
118_5a841a8269d3560d756e18912340de0e 24.139633855819703 0.9196697976589203 0.0771053577195853
119_5ad4cc3f8e191c61d31d4c555d4c5a0 24.116281270980835 0.9386311113834381 0.07123241530731321
120_5d2e6410d4fb760befdff89bf9a96890 28.24842960357666 0.9406424059867858 0.07870758150145411
121_5d385a0a87d0df4a51a95aaa6caba1d3 21.036425714492797 0.892382150888443 0.10865053316578269
122_5d8476a9aecbbe1e9ec9fbf723f60ac0 23.52745228767395 0.9209103310108184 0.0882057659700513
123_5dd97775bf24ffa2283aaea3c1a7dc36 24.73167929649353 0.928502418756485 0.07973279517143965
124_5dde5594b4e9e86ce60ff101126e254 16.93028970718384 0.8508704917430878 0.1111598193794489
125_5e4a1ac9bdce2766473f10e6caaeca56 25.576912260055543 0.9343564655780793 0.07097676172852516
126_5e857724d62912969acee38782dd9680 25.552652444839477 0.9213760879039764 0.09536412247642875
127_5ea6bb423b1600141d225d751745cd28 23.036424551010132 0.9228705484867096 0.09735787704586983
128_5f32aca282eb9167ff1370452e3a0154 23.291660614013672 0.9219759473800659 0.07095671109482646
129_5fe3753b18cb01ae1b581e1887fa67b 24.563239917755126 0.9337298307418823 0.06953407263755798
130_6107486a14c40227665f0dfc9cc02b1 25.226019954681398 0.9389039969444275 0.06978279359452426
131_61645b21c344e22a65dc1e664bdf2e6b 20.859672360420227 0.887347626209259 0.11684675464779139
132_61bcc13c67a92542b6aab5f7ece0e6cd 22.324223413467408 0.9065363464355469 0.08494028333947062
133_61c4db4cd886250f473f10e6caaeca56 25.990762128829957 0.9398011918067932 0.07310963740572334
134_61f4cd45f477fc7a48a1f672d5ac8560 26.726533632278443 0.9444352641105652 0.06574605730548501
135_6201a29763c2256a2bb5796f842ca661 26.48143786430359 0.9421896116733551 0.05840554692596197
136_6232fe1824a6d1775b72003cd427d0c1 27.382529430389404 0.9578764846324921 0.04858904873020947
137_62393db2dee065956e28ffc6e1f368fe 21.106862668991088 0.8781144335269928 0.12242447485402226
138_626a407fd0fa17d3aa1fca93ac59c77e 26.224440631866454 0.9250507919788361 0.09933849562332034
139_62a7e17ce83e2f9cc0ed6ec757ca50f5 24.146893491744994 0.9297271559238434 0.06393546064943076
140_63cc90709837d314a0b2db16370345f0 24.797792692184448 0.9243041574954987 0.08542016059532762
141_6482e3afc2664e32d30f2d8d219e111c 24.832921295166017 0.9420785660743713 0.10561882526427507
142_662cd6478fa3dd482d7d789814cae761 23.168034257888795 0.9215794551372528 0.08863391439430415
143_663bec87ecf2e0adad0e351bfd714e3b 26.043763341903688 0.9421969342231751 0.05242777761816979
144_67e2e5470d27e605d3c820a40c219fa9 28.49873917579651 0.9634658603668212 0.05923401319235563
145_692001fd91d8328ef421855cd210fbe9 24.2990025806427 0.937349865436554 0.08315389403700829
146_6942e70e574edda3c8831f15c6e487ac 20.027335515022276 0.8835408444404602 0.1453693025931716
147_69492fdcd530eb3da6ce6972f601a2e9 18.565007429122925 0.8418769812583924 0.1300977559685707
148_6ae21b4b5aa92db4c79d3cf109867c13 20.682515773773194 0.8856622912883758 0.12544316101819278
149_6c22203e5ed35df9ca4aeb694e04f8df 22.98052285671234 0.8873853738307953 0.117349578037858
150_6c50a9b8e01fbca27dfb1ee6a4b12bf8 25.445730504989623 0.9251617169380189 0.09981982405111194
151_6c85bbbbbea160bd81bcd6355b440fd5 23.6302237033844 0.9311019570827485 0.07738032023981213
152_6d01a15517fcec07a546b0c1c6a4821 24.25245722770691 0.932413268327713 0.07363284998573363
153_6ea4111bb47039b3d1de96b5c1ba002d 23.21968867301941 0.9173230249881744 0.09825545167550445
154_6f793e0f29f6b0b4da82e7357e8ee170 21.405198163986206 0.8931577599048615 0.10749471183121205
155_706083fa2a8c2b50bc97decb713a2619 24.31697805404663 0.9304097981452942 0.09195129917562007
156_70cf106dd369bf3ac427f8508e3d634b 26.315060091018676 0.9436944465637207 0.06918914071843028
157_70d31e0100cab3fd77954285e7764e1b 22.558868746757508 0.9070270335674286 0.11316375329717994
158_72d1eb25d911b6d8913eef1194316fef 27.2279506111145 0.9585163412094116 0.07329385907389224
159_72f6c3c3078ef567dfb1ee6a4b12bf8 28.802816286087037 0.9517180953025818 0.06309773703292013
160_7434c137695be0eaf691355a196da5f 23.001290836334228 0.9145710067749023 0.08036511023342609
161_744f3661d9030c059cc32a851e7d6f32 30.323035430908202 0.9555491013526917 0.062191126637160775
162_752d240eb33f328cbf95baecbc060806 26.342409200668335 0.9483124735355377 0.07704614961892367
163_77d884ef56bc97a8b7ddd670a53fb311 28.296458101272584 0.9555148649215698 0.07506465592607856
164_791885fd798b1981c1006ed55bc1a3fc 23.424929609298704 0.8958661742210389 0.106604766279459
165_794fc3e07d3c5954514e3d96995c555d 26.65665856361389 0.9450999343395233 0.07562740414589643
166_79c9b9b6e2cb15a2dc1f7c6230f38f00 21.63250493526459 0.9297378289699555 0.08566264768503606
167_79d9cd9a0cc2184ffcc96966174e5650 22.23353723049164 0.9041095151901245 0.10302325048670173
168_79db6e5fa70b39467df67c910758dfc1 24.1863937664032 0.9481941394805908 0.07875428282469511
169_79febc9d103c4d1c247a5be450795511 25.02342653274536 0.9447764239311218 0.081095733653754
170_7a0f252961e5bffad95840a0da458be0 29.657799863815306 0.9580332360267639 0.05954033338837326
171_7a8f5c085be36a8052aa494042b7c9db 26.212341413497924 0.9358330507278443 0.0631736691147089
172_7aff83bed75b6778e5e8ebca62d4509c 21.64354476928711 0.9064246463775635 0.0870645802281797
173_7b74eb8f053aabe64eb766e5a46fceab 24.140657033920288 0.9400503585338592 0.07406763099320234
174_7d59691881b13cc5702956de1b65c053 27.99373300552368 0.9468529248237609 0.06458381605148315
175_7dda382210dd768680e74058ee862f05 25.3410152053833 0.9266783254146576 0.071588996168226
176_7ee2193b072afa652935bed12a852dcf 25.30412407875061 0.9434451758861542 0.0608693673722446
177_7f701224ca471b2ab8013668e30e23b0 28.436076745986938 0.9476286692619323 0.07286082900688053
178_7faf7e8c2f383eafca92a4cdad802b45 26.83689489364624 0.9400259385108948 0.07699855572730303
179_816f9a529bf7b14817d5c90faf553cc9 25.85350917816162 0.9537933399677276 0.0782252302840352
180_819b98c138192c88e5e79d9024e2fcae 25.513874530792236 0.9555278971195221 0.08556342075020075
181_8285dfa786cf25b2c29fde65e51f52cb 24.85513186454773 0.9223371427059174 0.1246756107583642
182_82c224e707f63304acb3c21764457201 26.332733545303345 0.9389112951755524 0.05730474215745926
183_834c7e46dfe757b4d229396ef51d2d02 20.881412038803102 0.9007678055763244 0.10446719490364194
184_8361aa7ae1f7dcb582ea71649733f2a6 26.138341360092163 0.9497029526233673 0.05387532340735197
185_83e5b5a3f3aad942ed29cc2a32e4bbed 24.315803513526916 0.9139153027534485 0.09450103202089667
186_85914342038de6f160190e29962cb3e7 22.64054795265198 0.9054511408805848 0.10253338290005923
187_870086475e8af25bae57d337a2e5e53 23.374243059158324 0.9368070871829987 0.08516628050431609
188_87020c25b9166cf11d27be7764701cfe 22.761089468002318 0.9328414325714112 0.08755918999388813
189_8798825a3c68e5c7e0470509f60266ee 22.187167916297913 0.928532488822937 0.08353052558749914
190_87ee241d3d0d1dda4ff3c6764341833 27.948669147491454 0.9657728147506713 0.05761891800165177
191_88a814d2107f882d3d30c6f269d07627 21.527673754692078 0.9161557378768921 0.09356062207370996
192_8b722405131e569db927782fc69a1fbb 24.316773929595946 0.9271039056777954 0.059816850803792475
193_8b74a58c28cac774753d1d86ac1bdfce 23.209220352172853 0.9030646197795867 0.09744934442266821
194_8b8f4f12e5b142c016abce8cb03e7794 22.492121391296386 0.9419691491127015 0.08448520817607641
195_8c1b20c4c37dc679301fa882a9655049 21.791712799072265 0.9189340331554413 0.08394330767169594
196_8d14c94dd325400d93b973d059f27e65 24.434667434692383 0.9350768511295319 0.08787842648848891
197_8e39ba11949027ce14914b7641b2fd67 26.744246921539307 0.9450540671348572 0.06089033392444253
198_8e8da02ac0168a47ec5e3fe5c33367cf 28.482396259307862 0.9575297768115998 0.054618052829056976
199_8fedb0c03a49bddaa8c38723d07b122f 25.41179328918457 0.9440264291763306 0.0672557818237692
200_9009d75263e350ffb3b0f00a15b90e0a 25.085280933380126 0.9460134303569794 0.06942577586323023
201_906e2e532b7156b612be63c74304797c 25.548127946853636 0.9288663909435272 0.08717756969109178
202_90902c72c195d3ce8256c497dfca7529 20.198653349876405 0.8623461272716523 0.13304696567356586
203_921f87f3d9a4cb8ddb37d391409760c4 27.78891055107117 0.9517683625221253 0.06710040681809187
204_9240401e750395b456fd4619a315629d 26.544620714187623 0.9393577034473419 0.08213598148524762
205_93357732c6306cb51673e1c313348a01 24.18311779022217 0.9234347834587097 0.06780395299568773
206_936eb7eec6b76e4b421c2195de5e56c4 25.922708177566527 0.9376951797008515 0.07313323219865561
207_93a813f96365c108f217b9504689397 20.73787078857422 0.9092839674949647 0.0984472856670618
208_93d49d2e5e4ab1b7ae33d942430658c 27.29577151298523 0.9519776294231415 0.049437220245599746
209_93f82393df6d4b7c315a637e839f5286 25.06159483909607 0.9321231908798218 0.07789600012078882
210_94b3689f899c8cfbd575863af568c85 29.312820587158203 0.9530121815204621 0.07373453142866493
211_95844f86f4f0a6b58a6cf8c6b92417f2 21.353486189842226 0.9107635810375213 0.09350560812652112
212_95ddaba8142bb8572b12ea83455b0f44 26.447809410095214 0.9473429343700409 0.07322698725014926
213_95ebb3fd80f885ad676f197a68a5168a 59.480616073608395 0.9992029547691346 0.019980783401988448
214_965e73db41af495941aeea95b863b1b3 23.984691305160524 0.9287270882129669 0.078398728184402
215_9748063440a449ab3db642d8dff7fbe6 25.17472423553467 0.9217623589038849 0.08183194521442055
216_9807c1d0bcec85fcc3c0146ad3ea2d7d 27.607751445770262 0.9495600464344025 0.058305430222302675
217_98316f2e772d60587e5e3333f4cc9f83 23.90420534133911 0.9168615620136261 0.07502131329104304
218_98a4518ee8e706c94e84ac3ac08acdb2 19.798507852554323 0.8516916918754578 0.12019725152850151
219_98b30f0a29fe2a1ba7fd25564c2e888e 22.664308919906617 0.9133103225231171 0.08517738730832934
220_9a806af16e5a102786d01a5629641c74 24.481423635482788 0.933560952425003 0.06810653618723155
221_9abfdc63aa88be60733269057ed164db 26.260743694305418 0.9457456367015838 0.07669605249539017
222_9cabc9b21a7c5fcab02964031d37f87 23.688374671936035 0.9320560216903686 0.07164558788016438
223_9de10b4469cdc435afe1d4530f4c6e24 22.757590074539184 0.8991492872238159 0.1413685503974557
224_9e4a79d30930cc2fcefa74f1d0bc6e6 23.12766541481018 0.9155721106529235 0.08380012115091086
225_9e6156aea0c7e60ff7d6fd2038bf9a11 27.706579084396363 0.9390103628635407 0.07130692432075739
226_9f5d5b655ebbbb9c4d31b03e74c723a3 23.015700159072875 0.9171184408664703 0.08191059672646224
227_9fda50a84e042ff1a7e7e5ea49ad8e45 23.579216623306273 0.9180102441310882 0.07259783604182303
228_a281de4b24f5500d4c40f34de8f3bdb8 23.34624641418457 0.9265160772800446 0.08493702760525047
229_a2fa0bfd39718f1688a610ac9b7aaa40 24.240656318664552 0.9365405797958374 0.06955682097934186
230_a34260b8cdb1ec95b63de680261b9e1b 25.09768030166626 0.9387035818099976 0.07447745829448103
231_a34dc1b89a52e2c92b12ea83455b0f44 26.661428174972535 0.9372572171688079 0.06482497496344149
232_a39ed639d1da66876d57cf36a7addb49 25.877126970291137 0.9482509980201721 0.060344194622710345
233_a3e8a28918af7b07e3857ce739e6606f 23.204478130340576 0.9314987692832947 0.09939864115417003
234_a49041daedac3ecf2fdea40a56b4c57d 28.85816990852356 0.9476063761711121 0.07410548953711986
235_a495bebb2ebd72f3dd7cb6e3ad90d3ea 21.885678062438966 0.9083155176639557 0.07744237450882792
236_a54ce961d973443a0daf3e5400b95c 27.929870738983155 0.9600994386672974 0.04217289858870208
237_a583ea14f9da98936436916a86a90ed7 26.890263023376466 0.9577147438526153 0.06251570148952305
238_a59c142ed6850a26ad4bd5fc1269475a 29.070284414291383 0.9580578286647796 0.06197190104797483
239_a720d17573022d9ac00fd1150223027 27.76848197937012 0.9596821722984314 0.051077786384150385
240_a750b467d629df3e2268f50ab9844c64 25.931638383865355 0.947092633008957 0.08008781995251775
241_a886262ac3be5ca7c126a452758c84e7 25.324297542572022 0.9354093370437622 0.050073848862200974
242_aa41aa1837c809e1e12eceaa46673a5d 28.681150674819946 0.9600376725196839 0.061821217600256204
243_aadf8736528b0f46857652684714945f 23.313083171844482 0.938872716665268 0.07434022673964501
244_ac482136fc30fd5ad8f405c5ec4e8cb0 24.059855365753172 0.9225442700386047 0.10124601546674966
245_ae088f798f2c99c2927e12317acf49e7 24.77887917518616 0.9398807754516602 0.06734494978375732
246_ae9b244f9bee122ba35db63c2ad6fc71 57.07438199996948 0.9988605580329895 0.019401748496107755
247_aec393b8c73d3a8ae4bee94a37836d67 25.212321329116822 0.9366884427070618 0.07168045349232853
248_af60bafcdba34eab56de8db8652eec4e 22.359879336357118 0.9259419977664948 0.07340547919645905
249_af834c760bf3c75043f0e92e826556b8 22.56101881980896 0.9081691858768464 0.08161303294822574
250_affba519865b72fc2c95ae1829869305 22.837936186790465 0.9587513785362244 0.06956239714287221
251_b0810f509a3c4cf895cad68eb5eb0e38 25.391068410873412 0.9379104754924774 0.07785537908226252
252_b0a659083ec6e936ca92a4cdad802b45 22.50458703994751 0.9296393444538117 0.08357006439194083
253_b48b8791a3b09753b8d3554bd033ee9b 23.23315730571747 0.9140367674827575 0.10147161960601807
254_b4ea44416a06834af200a72c9245aee7 21.43594174861908 0.8989297571182251 0.08389177438244223
255_b554614b14148e4ec0ed6ec757ca50f5 26.810117626190184 0.942657546043396 0.10249652737379074
256_b6755cab505f437375cad724c63e222e 28.135439615249634 0.9585334942340851 0.06859461831487715
257_b76bdcfc277f54007f3efc94c2d31dc5 25.76675389289856 0.9390962245464325 0.07132657985575497
258_b87ae16029527cf3fa87597d91a3e9a2 19.22256308078766 0.8615425941944123 0.11828696908056736
259_b88a4c0cb2092fa52fa4ad29a1236d7 19.368699421882628 0.8851379854679108 0.1175513491295278
260_b990ae1858bb82c133f84f942f9a2bf5 23.946917600631714 0.9290040707588196 0.0768339739702642
261_b9c0f9dbfb5a1c0f99684c8184952917 24.18889358520508 0.9213331735134125 0.10579756473749877
262_ba0c32b3feba49b0b40adee184c371d0 21.80448353290558 0.8893271560668945 0.09720513428747654
263_ba817f535c2668081f757787330d376f 23.570301632881165 0.9054197499752045 0.10909849467873574
264_baa2f488ec67a0a7c66e38c3984e156f 28.136524505615235 0.950845374584198 0.06864907261356712
265_baf3415a57e6f282b23c333ee1a445e 27.74097046852112 0.9538874702453614 0.06642316872626543
266_bbaef5a610b0b4d5368f3995546e59c8 27.44197407722473 0.951647973537445 0.0649588084295392
267_bbca0e2391217de71e95a82bd2f5907a 25.139605360031126 0.9382808842658996 0.09246640994027257
268_bc533f9881b0775c3a0daf3e5400b95c 24.33725790977478 0.9302901079654694 0.07675856053456664
269_bc7ca9eec356ce21ad32396cbf7f43dc 25.682595415115358 0.9465777881145477 0.049420054711401463
270_bd6eb1dc7d16372651a95aaa6caba1d3 21.880900039672852 0.9080684928894043 0.11456242809444665
271_c12424d1cb48ce0fd0a4f72b67c7f064 23.557074460983277 0.9326646151542664 0.06122126664221287
272_c2283d62367d637249b991141ee51d9a 23.702623119354246 0.9286370792388916 0.07559338933229447
273_c2d2eae7ef1a34e1f500cc506a763c18 24.48728127479553 0.9352675030231475 0.06304565788432956
274_c683e8e57b20ceeab927782fc69a1fbb 22.750396423339843 0.9124596984386444 0.091066531393677
275_c6dbb4874805a2c6c2998c73c3c35adb 24.357693223953248 0.9308616425991059 0.07906240774318576
276_c721c1e89e68e01fec4be884ee173bab 23.026212034225463 0.9054401774406433 0.08969799041375517
277_c7ce82b4b1e795b0cfd826dd468a5497 22.115545167922974 0.9148915541172028 0.07695265630632639
278_c8c51e709d1cdbe0673ddeabdcc8c6e 27.120935125350954 0.9550573489665986 0.07583046652749181
279_cab3b584786dda8c85c68dc758ce6c5 21.84593970298767 0.900082007408142 0.10985998954623938
280_cc7dfb5ecdf370a178c14a9d99ecf91 22.882724075317384 0.9296864895820618 0.08677038998156786
281_ccc6b5ace9f5164d26068f53fe0ecf07 21.559142112731934 0.8804360775947571 0.09159854993969202
282_cdd58286e3e428ec1fabf3cbd0fc77bc 20.49661120891571 0.8940920453071595 0.12090772186219692
283_cfb6c8867c6dd84c80e74058ee862f05 22.390173077583313 0.93759459400177 0.08571547383069993
284_cfc8e5925bbec93de20af544ce47dd47 28.201292190551758 0.9581646625995636 0.06913426116481423
285_d07c8208ad9dc35780e74058ee862f05 25.278739376068117 0.9367495129108429 0.06687640999257564
286_d0a906517e0ec98589fc8cf5232ee9c 22.25139494895935 0.8880599744319916 0.11140542831644416
287_d13d0612c64c1c872457c273ba02ebf 28.249778308868407 0.9630752439498902 0.05631249188259244
288_d18817af1a2591d751a95aaa6caba1d3 21.116281447410582 0.9039380595684051 0.11876513849943876
289_d1dcddb5b1d7404dd9b0c189eb588ce6 23.78929971694946 0.9301654129028321 0.07201813982799649
290_d4cec810b46292ff1f759e96682e340e 23.88836265563965 0.931221515417099 0.06585744085162878
291_d5c4532a34ba10e6f9798a883006064f 25.05897466659546 0.9306015331745148 0.0900719625428319
292_d652c35de82c3f3141fd6622cb2ed89d 28.351190719604492 0.9461976544857025 0.05112666711211204
293_d76c9eb102316ac631a8860374e7eed 25.791360244750976 0.9361667151451111 0.08088573987782001
294_d8b50ce6cbfb56a4786993ccbbbff425 27.298914279937744 0.9472978389263154 0.06828523077256977
295_d91d378248a55e44d9cc84cf84983165 24.67741357803345 0.9242817013263702 0.08585841258615255
296_d967be366b99ac00bac978d4dc005d3 26.603704986572264 0.944452136516571 0.09840455969423055
297_d9867d92edba3d0cb96212c8f6cd06e 25.06083685874939 0.9476855978965759 0.07074869197234511
298_da34cb394fb3caa58dcad5127c74b8e0 29.026212940216066 0.9576187438964844 0.06846863137185574
299_da82ba81a8fb0737d06f1bbd2acc051 22.46892468929291 0.8933617286682128 0.10077046600729227
300_db91e70ebe09d5edf446f92b52bbd82a 23.612965874671936 0.9461493210792542 0.07003117224574089
301_dc2c49d8617d400daa44bfa127abe4bb 27.888698711395264 0.9465811562538147 0.07716612914949655
302_dd8b4530c7122fde6a8da1ee9004e891 23.648536586761473 0.933223611831665 0.07755865056812764
303_dda0d7e01642f399d4118745f38eac76 26.191844663619996 0.9612631614208221 0.05862518408149481
304_ddd5e2bb26c82862b41ac95a0a9b3aa0 24.46743673324585 0.931892215013504 0.06709201721474528
305_df91db4ada9bad0f9c0cac0d72a31ff9 25.71358196258545 0.9315458672046661 0.07466995423287154
306_dfa6e60e478d5053705278f93079331 22.631888904571532 0.8971854939460754 0.09531833896040917
307_e128a506f2e29a6796cceb824e3c56b0 25.277406921386717 0.9415950238704681 0.05568207848072052
308_e14338cbdf53c0ae3a0daf3e5400b95c 28.952148685455324 0.9510368249416351 0.08578424841165543
309_e14a04dd31112dbcafe1d4530f4c6e24 24.02124876976013 0.9329654316902161 0.07869901964068413
310_e169584b7e66ef074051b6e037481c7 17.796616640090942 0.8711807780265808 0.10804915557429194
311_e2bdf01abc79a8d054b49557f8ea8b42 19.00362632274628 0.8638208270072937 0.14704384479299187
312_e337e9940356e866b82298c7ee2fcc7 25.38757737159729 0.9481465771198273 0.06303179097548127
313_e4b5734836d9519aa8a84951596cc1 29.667591676712036 0.9671245801448822 0.04476279382221401
314_e4d396067b97f3676dd84bc138e22252 21.793036642074586 0.937359580039978 0.06632032284513116
315_e54eb2674d6b3e241e351ee0a9db4268 25.061276636123658 0.9343679015636444 0.07374754167161882
316_e6581335186f5f6d8f01b3789ded1e40 23.298922300338745 0.9087719693183899 0.09770658069849014
317_e67509fb6192be6a7e7e5ea49ad8e45 25.729705743789673 0.9378233613967896 0.0753438665792346
318_e6e932a5d92d62251d15f502e679d4c 26.277219200134276 0.9328118844032287 0.08064251079410314
319_e717bcb56d012a48b1bb46d2556ba67d 24.489607667922975 0.9358561234474182 0.07875083817914129
320_e95d4b7aa9617eb05c58fd6a60e080a 20.96636854171753 0.8723662128448486 0.1086864619962871
321_e9738c96c8ffbdfdeae19b6e682da29 21.55692537307739 0.9146498098373413 0.08468600618466735
322_e98955e5d46a492c036e20efe5e5ca8 25.85148066520691 0.9431098554134368 0.08244532430171966
323_e999dfb757ddca4830e7f6cd6fb3f1b9 23.459645195007326 0.9102140543460846 0.08207990397885442
324_eaeabed4e984364868ebd0cfefbb61e9 24.1387012386322 0.9399700553417206 0.059657368041574954
325_eb40501934995e1a6560c47a91b4db1 21.470002932548525 0.9109740889072419 0.08849112505838275
326_ec469722be9d015c1ef32d215d1c8df5 30.619991216659546 0.9609276895523071 0.060245775086805224
327_ee0edec0ac0578082ea8e4c752a397ac 22.536243629455566 0.9079350702762604 0.08750482726842165
328_ef0703db8a04f8c0c0e3666c7d0ec7d0 27.602564668655397 0.944378511428833 0.05123161489330232
329_effb7322805482465740f5f1a3b45938 28.746182556152345 0.9597667446136474 0.05674092112854123
330_f045547c7c6e5d0ae74479f4823fa2bd 23.074451456069948 0.9023340933322906 0.11337157179415226
331_f11d669c1c57a595cba0d757b1f2aa52 23.347602739334107 0.9078830800056458 0.09767473573237657
332_f15ba529063317d241b8aedea2034739 27.251022787094115 0.953073495388031 0.045681093577295544
333_f238821689b42db5d95840a0da458be0 29.356573934555055 0.953381382226944 0.06068152051046491
334_f2b350b6c36eb73d1fac59b924f395d9 25.061640968322752 0.9222425818443298 0.10018068623542786
335_f3205edd456cf36feabc798aaf5f039f 26.070229234695436 0.9563265995979309 0.06749597568064929
336_f34c03711c3fc44ac10e9d4ee4bae4f4 24.07863021850586 0.9224244244098664 0.08940103677287697
337_f414e36d6daba864d9bd5ae694086d5 21.665606961250305 0.9187218959331512 0.09436208008229732
338_f6e0b8a0746d36d74eb766e5a46fceab 27.971522960662842 0.9515408401489258 0.07691002973169088
339_f7b9529fb166ee56ac922d597da8f180 24.70714333534241 0.9316938369274139 0.07708199581503868
340_f81db986082fd0562ac826a3c82da491 22.202383222579957 0.918535082578659 0.07474726868793369
341_f8885a2372b427f8f2626f7f7bd2296e 25.538452873229982 0.9442341628074646 0.06202856355160475
342_f8b92a0ea7f4705c9fec71e8f4aac226 25.137014408111572 0.9394829518795014 0.07178955910354853
343_f8c4bfc065e35555aa44bfa127abe4bb 24.570655250549315 0.9346546931266785 0.056999448038637636
344_fa997987367ed84ef15cbb7bb6511cb8 23.562285294532774 0.9178469319343567 0.09652638628333807
345_fb20b20452ef661f500cc506a763c18 25.424760990142822 0.93338028216362 0.08434731625020504
346_fc5d8e25052fb713f559279c88cd9a37 21.532959876060485 0.9056665251255035 0.10997702172398567
347_fc99fdfd71b5662a669a6bfc71569d 23.906429986953736 0.9213382973670959 0.08689233727753162
348_fcbf9e1dd55ab172ce27281f3b76d1f5 26.06699522972107 0.9477724850177764 0.08869464981555938
349_fdf2a756a86b2946c427f8508e3d634b 24.241104860305786 0.9409900031089783 0.07554646748304367
350_ffbebc7c9a32a6f88ec8762dea278247 18.131883645057677 0.8513461594581604 0.14392745488882064
351_ffbf897d9867fadff9a62a8acc9e8cfe 23.113465242385864 0.927526561498642 0.05983062718436122
