0_10555502fa7b3027283ffcfc40c29975 25.548633613586425 0.9393593544960022 0.053810708660632374
1_107699ca67fcdf3fea999fe4ffdc2504 25.79483829498291 0.94543514919281 0.08955687152594329
2_1176dff7f0ec879719d740e0f6a9a113 24.013068561553954 0.9402276513576507 0.06801862156763673
3_12498dd65e8d65ac3b6f5204eb590354 20.914777755737305 0.8761368849277497 0.12931003960222007
4_129921679aaa3009e44df9b78a00d12c 24.23773585796356 0.9290864963531494 0.07641771506890654
5_12d463649ed6c176ab98a7077c964a60 23.96949980735779 0.9228924460411072 0.06551451531052589
6_137f67657cdc9da5f985cd98f7d73e9a 27.501943216323852 0.9466556787490845 0.07178107706829906
7_1399eab8ad7262eb7f3efc94c2d31dc5 26.386946420669556 0.9484034852981568 0.054276745587587355
8_13d0f68f32a86bdfe3857ce739e6606f 24.916612482070924 0.9284245820045471 0.08977023346722127
9_15e52e44cdcc80ed13ded1857c15b5b6 20.484203777313233 0.940863106250763 0.13996359739080072
10_167ec61fc29df46460593c98e3e63028 21.809782285690307 0.9050552210807801 0.10648156505078077
11_1713a1ac8aedcc522b12ea83455b0f44 21.77675721168518 0.9099787073135376 0.1124952289313078
12_17f89c25a3142ee09d2b99af43da16b3 24.294790992736818 0.9153639669418335 0.0790081591643393
13_191f9cd970e5b0cc174ee7ebab9d8065 26.302345581054688 0.9584181575775147 0.05663756930828095
14_1963641a15916c03709ce7955adef61b 24.05480073928833 0.9388929889202118 0.07826398539915681
15_1a0bc9ab92c915167ae33d942430658c 25.586962871551513 0.9349105939865112 0.08468724438920618
16_1ad321f067ffbe7e51a95aaa6caba1d3 21.15888840675354 0.9054643261432648 0.10006806173920632
17_1b2ef0809ca1abc7ca92a4cdad802b45 24.093413362503053 0.9362534110546112 0.09167572832107544
18_1bace29924c0ae42226fc3902f16303f 20.594769773483275 0.8694951405525208 0.13961226703226567
19_1c14ef4c48b7d95d61c6c61410fc904b 27.351056995391847 0.9358581881523133 0.09535691066086292
20_1e6e7bfb08b6b44d615949fb78ffe44f 19.416622552871704 0.8755528059005737 0.1176118368729949
21_1ec1c4aa9190e767da5421a736792418 22.42917483329773 0.9167875709533692 0.08250595225021243
22_1f37a6fbdf7c807e7d439639178556bc 27.817308359146118 0.9484262287616729 0.07106195918470622
23_1f7393970917e558b4a20251cec15600 26.99921459197998 0.9471201121807098 0.05518858740478754
24_1feaf720692bdacc27a1a7fdc1941283 26.558401899337767 0.9530454914569855 0.07081758574396371
25_209c79dbd4f7ad944ee32d005103a21a 28.773190279006958 0.9462934567928314 0.0772776780538261
26_20e01ed9c14d4659e61b9ff60b1be412 22.213938217163086 0.9211027352809906 0.08845996918156743
27_2262d8b1d5fc79b67211919686015200 22.602891435623167 0.9196959824562073 0.07463813339173794
28_227ab69792241382acfaf62fe6ca656 26.28713138580322 0.9467996237277985 0.050398389793932435
29_22d57b895b9cd22137ca7da637f7c918 25.467773532867433 0.951124223947525 0.05644554606825113
30_23e7ae83601f893b575116d39d0ffbba 26.859611225128173 0.9506764435768127 0.054332788100466135
31_23e8adb3bf1961f85332d3b92481b499 25.07064513206482 0.9328331699371338 0.07292895349115133
32_24819ffdc34b28efe4bee94a37836d67 26.63136428833008 0.9535710527896881 0.06932261181250214
33_24c0c6d558d4d01d8772618b7452025 26.754318675994874 0.9390854518413544 0.074711111523211
34_24dc3903b254fe41b448bf2dc92c4fab 20.797712683677673 0.9128230521678925 0.09580530514195561
35_26c382bda051376daebb91b7dc4caa91 25.335646505355836 0.9474348490238189 0.0777451449111104
36_26d201a532879a60a7fd25564c2e888e 23.8959534740448 0.9195294260978699 0.09326454189419746
37_27495a8836ead3d55c5dd9508493909b 31.46887508392334 0.9683924391269684 0.0514313433393836
38_2b043f3cae45d4937cbc6cda01aaca49 25.614157819747923 0.9517264742851257 0.05590847100131214
39_2b075c9c5d85bc779c75e543b21e90a7 19.482113432884216 0.889930992603302 0.103406972669065
40_2bcdaa6516a98b552abd245afcc79403 27.792779512405396 0.965780992269516 0.04699394217133522
41_2c1c8c4aee1e79d52aa494042b7c9db 24.170265483856202 0.9126944212913514 0.10449742769449949
42_2c304c54a6141d214ff3c6764341833 27.239017066955565 0.9577924857139587 0.04945468993112445
43_2cc413c3ea9800b3cf1e58caa15acb49 23.172458305358887 0.915454384803772 0.09246504272148014
44_2d1adb247cc7a1e353da660a6567c5ff 26.534889488220216 0.9457590203285218 0.06331731867045164
45_2d41d907b7cb558db6f3ca49e992ad8 19.717991847991943 0.8746210646629333 0.12849809526652098
46_2e37013195d95f494470fce578e2b84c 27.016105747222902 0.9511301822662354 0.0533428643848747
47_2ef61a1083304211d27be7764701cfe 22.62561206817627 0.9230998990535736 0.09560645864158869
48_2faa3cff00d98abdf5274507f44ab711 22.491723828315735 0.9309309906959534 0.10519692916423082
49_2fe4a878e34bd3bab8013668e30e23b0 27.087380418777467 0.9469028010368347 0.06030415511131287
50_3026dc837dc5dd7a157e36ecb370d387 21.614228019714357 0.9081390862464904 0.10969742084294558
51_307e83044ed81f6c473f10e6caaeca56 25.269847326278686 0.9264384045600891 0.08411038644425571
52_30964e51b5218487577fbd27130e143 22.856978483200074 0.923975076675415 0.08966321522369981
53_3129657917191e101f0d59cde6139796 25.75935598373413 0.9459414474964142 0.07064620580151677
54_3134927c492c39e241d7734b73edc062 25.683360090255736 0.930766862154007 0.08626900789514184
55_31998170afc1a0b9d13bda570aea1f6d 26.72694612503052 0.9507234139442444 0.05560713368281722
56_34412b56217de1112b12ea83455b0f44 25.789423418045043 0.9324522638320922 0.07129395726509392
57_34762df3ff8961188bb11dbc05ffaa74 25.68140700340271 0.9370769851207733 0.06447512758523226
58_34b507c24d9eab7f7eaeab1f0c9120b7 31.1860080909729 0.9636818006038665 0.061611014857888224
59_350be6825c19fb14e0675251723e1e08 24.988473148345946 0.9328166251182556 0.07166360705345869
60_35155f8cacf6d72471fc7d1bbf34b979 25.68386826515198 0.9419234719276428 0.0557572031095624
61_358ddbe8b39125e9e81913b1de19c3f7 24.00394108772278 0.9384955193996429 0.08261584366858006
62_35de0d0cc71179dc1a98dff5b6c5dec6 24.88673469543457 0.934633983373642 0.058077720925211906
63_36b23cc38786599285089a13cc567dbd 21.90276801109314 0.9405789701938629 0.15228291953355075
64_37e781aa8ae8933a61c6c61410fc904b 26.869292707443236 0.9293291149139404 0.11284078604727983
65_3831ed7bc22100f7c3c8fbe62717803d 24.959089994430542 0.9200439786911011 0.0772278302460909
66_38334022b922a9d4e7540f431cab4686 24.73739386558533 0.9295809216499329 0.09010918364673853
67_38f403b915d950d3ce8f4a5eeb103d2 28.889275512695313 0.9459702928066254 0.08036067325994373
68_3a46c9b9e8b18d6a61c6c61410fc904b 21.387442564964296 0.8989153077602386 0.10080808086693287
69_3ac08e66bd7da4c35da01f298003d56 28.379298677444456 0.9515541732311249 0.08717964749038219
70_3b2e74068fee2458dd1e15301c83686f 29.458100690841675 0.9613574669361115 0.06437300157919526
71_3c02c18d64d3f13b8c988ea512260358 27.3468132686615 0.9509613926410675 0.060431757766753434
72_3c103561d9a29ae7ddacb20b6a591772 23.55410436630249 0.9074383943080903 0.11754630708694458
73_3d6e798bed67ab81f00cd8c386c592fe 22.035154085159302 0.9182179613113404 0.07336856179498136
74_3dd52c850785a6ebbaf1745483a8b34a 27.39164782524109 0.9533700144290924 0.05989633648842573
75_3ddda21d4496fbc693680c5a9a367b4a 26.52146698951721 0.947590930223465 0.05325632725283504
76_3ed487192c098a36811090af72684c2a 24.181126832962036 0.9172957491874695 0.10823842599987983
77_3ef041182cc1d037a9d3767c58267708 25.336549701690675 0.9335540452003479 0.0855685146562755
78_3efdb762f2663a014c9dc258dd1682ab 23.235677795410155 0.9340810527801514 0.08662914295122028
79_40e51788da97a9c7212ff4933c4abe56 20.07309157848358 0.8532152853012085 0.1434747474938631
80_41d9a381c12ee3e2b7863a3a9a8d5d0d 27.199966621398925 0.9566238803863525 0.05439903000369668
81_420519a0f7390564f500cc506a763c18 25.115488595962525 0.9456947145462036 0.060261473335325715
82_42ca4f6a7d7a39712a9eb0f146e94477 28.421756677627563 0.9579365696907044 0.07481028976850211
83_42eb287e220fd02c2e466666025c187 23.422555990219116 0.9108442215919494 0.06938096294738352
84_431ca41fdf0897c628ccbb4eb8965b05 21.151065039634705 0.9048791673183442 0.0865587007328868
85_43fc65dfe952a7f4cf6923c08156107b 25.951745367050172 0.934842581987381 0.05177441797405481
86_44cc90939a67b72c71778fcae3da6f00 25.95531415939331 0.9371763026714325 0.07029729384742678
87_468be6b80d1c7dd655ac255cda83e91 24.229463148117066 0.9216140649318695 0.08518975151702762
88_471673f3f062abd473f10e6caaeca56 24.699363317489624 0.9230273623466492 0.07804214961081743
89_472f62cb87c3f1606e04fb225ca92772 24.825306835174562 0.9357162754535675 0.06917618741467595
90_477ffb061f40e10e148f8c864a546424 28.680528688430787 0.9577064588069916 0.05001225853525102
91_481c55b1fa36f6c7d834dead2eb68d68 23.838405227661134 0.9192530705928802 0.09915940964221955
92_48862b67f5932cd4473f10e6caaeca56 23.509116439819337 0.9215317559242249 0.08072454435378314
93_491653e537f1a701697b84068abf146c 25.136754817962647 0.9316502470970154 0.08445878148451448
94_49888b45d4bf55a530855e8db75dec30 31.395752010345458 0.9625933213233948 0.06553660436719656
95_49d6a631f23a324cde361784b4e1f04 28.580577268600464 0.9598289797306061 0.056218972757458685
96_49f3932e6fe0828951cc889a6330ab15 21.964185128211977 0.9197373518943787 0.0856732625849545
97_4c6aa3e7a8130295b528c0abff96f586 24.20414141654968 0.935275940656662 0.08893086530454457
98_4dad98955a47e81a8b3877a62f2cbe1d 23.930341444015504 0.9078779466152191 0.1015668443441391
99_4dd97a6805c2797d18d95feceda870ca 27.32905764579773 0.9460093765258789 0.06974706420116127
100_4eb5ec5502561124875fb780d36841f 23.47363755226135 0.932143675327301 0.07486268021538854
101_4eeac6360031021b8141ca5f94f1242d 22.71313925743103 0.9133911528587342 0.0898994440175593
102_4fcf76fa7f07a0008bb11dbc05ffaa74 25.124806747436523 0.92928733253479 0.06259788597375154
103_5089b134ef31941edacf4de272c1e30 21.016475801467895 0.9089822661876679 0.06880609380453825
104_528c01214da6d4bca7fd25564c2e888e 25.081377925872804 0.9253614461421966 0.08765501068904996
105_52a988b361f6cefd685753e73124c6e8 23.78504331588745 0.9367979476451874 0.06357172437012196
106_52c589e86fd500cd4a42886683bb52d2 19.680967712402342 0.8750696668624878 0.11275337310135365
107_53507d1d09b3c2671cd97374110efb0a 23.862990741729735 0.9278676278591156 0.07454267013818025
108_545abd37dd50dad953536e7c905b301 26.509811544418334 0.9456298496723176 0.05209252534434199
109_56c056544a2fba1614d5081e13f5a1db 26.797497606277467 0.9364043085575103 0.08245196156762541
110_56cca58a4f37323bd0889537a7d54003 25.29190981864929 0.9544079768657684 0.06157303094491363
111_575ac5c53ab9fe21a26fdd1a1e470de9 24.294137449264525 0.922543984413147 0.08193088367581368
112_57aa7560dcfecea81edf5a868fdffb8d 30.86920846939087 0.9730351028442383 0.044707396373152734
113_5801f9eb726b56448b9c28e7b121fdbc 18.670801324844362 0.8866510908603669 0.11586631847545505
114_58569e7feac27d3e5da8146fec888d45 23.082704644203186 0.9189210841655732 0.08674141830950975
115_5881807902ace2dc7d26edf2a8ffb68 25.03594239234924 0.9308868083953857 0.08298627687990666
116_58d9741ad324623e9872e22d6b8eb647 24.128975973129272 0.9275714356899262 0.08271395886316896
117_58f447ce8de6b9794c40f34de8f3bdb8 24.772404441833498 0.9359152293205262 0.07729334498941898
118_5a841a8269d3560d756e18912340de0e 24.097334098815917 0.918867794752121 0.0778630773536861
119_5ad4cc3f8e191c61d31d4c555d4c5a0 23.991675128936766 0.9355724906921387 0.07121672312170267
120_5d2e6410d4fb760befdff89bf9a96890 28.19800576210022 0.9406891615390778 0.07867843804880977
121_5d385a0a87d0df4a51a95aaa6caba1d3 21.21202744960785 0.8931284935474396 0.10614712610840797
122_5d8476a9aecbbe1e9ec9fbf723f60ac0 23.523331480026243 0.9189535298347473 0.08866265412047505
123_5dd97775bf24ffa2283aaea3c1a7dc36 24.655559797286987 0.9287639546394348 0.0809471926651895
124_5dde5594b4e9e86ce60ff101126e254 16.809713306427003 0.8492204387187958 0.11131635109335183
125_5e4a1ac9bdce2766473f10e6caaeca56 25.519079008102416 0.9332896676063538 0.0718116909712553
126_5e857724d62912969acee38782dd9680 25.78424201965332 0.9243349769115448 0.09348758835718035
127_5ea6bb423b1600141d225d751745cd28 22.77400140285492 0.9210959150791168 0.09622291645780205
128_5f32aca282eb9167ff1370452e3a0154 23.37794623374939 0.9237384262084961 0.07105664533749223
129_5fe3753b18cb01ae1b581e1887fa67b 24.77551194190979 0.934640587568283 0.06927761301398278
130_6107486a14c40227665f0dfc9cc02b1 25.318670043945314 0.9388296446800232 0.06905289654806256
131_61645b21c344e22a65dc1e664bdf2e6b 21.005921721458435 0.8908208212852478 0.11667792424559593
132_61bcc13c67a92542b6aab5f7ece0e6cd 22.102822980880738 0.9045297749042511 0.0862773051597178
133_61c4db4cd886250f473f10e6caaeca56 25.585123167037963 0.9372787623405456 0.07565893884189427
134_61f4cd45f477fc7a48a1f672d5ac8560 26.809568939208983 0.9451050040721893 0.06333465272560716
135_6201a29763c2256a2bb5796f842ca661 26.398373975753785 0.9407157909870147 0.057666678160429
136_6232fe1824a6d1775b72003cd427d0c1 27.589648094177246 0.9595247941017151 0.04949074466899037
137_62393db2dee065956e28ffc6e1f368fe 21.048616704940795 0.8759157838821411 0.12267856397479772
138_626a407fd0fa17d3aa1fca93ac59c77e 26.228503389358522 0.9252358582019806 0.09668780413269996
139_62a7e17ce83e2f9cc0ed6ec757ca50f5 23.904099502563476 0.927184070110321 0.06525254717469216
140_63cc90709837d314a0b2db16370345f0 24.658337860107423 0.9226585037708283 0.08708909164369107
141_6482e3afc2664e32d30f2d8d219e111c 24.685174856185913 0.9390821146965027 0.10236917427182197
142_662cd6478fa3dd482d7d789814cae761 23.165025234222412 0.9203948936462403 0.08898769059032202
143_663bec87ecf2e0adad0e351bfd714e3b 25.94709246635437 0.9412364451885223 0.053002097353339196
144_67e2e5470d27e605d3c820a40c219fa9 27.852277088165284 0.9600720424652099 0.06035641857609153
145_692001fd91d8328ef421855cd210fbe9 24.821117162704468 0.9414359962940216 0.0830631000585854
146_6942e70e574edda3c8831f15c6e487ac 19.998102049827576 0.8831044025421143 0.1424739007204771
147_69492fdcd530eb3da6ce6972f601a2e9 18.41952386856079 0.8393262956142425 0.1307092264741659
148_6ae21b4b5aa92db4c79d3cf109867c13 20.359967441558837 0.881636257648468 0.12560432256758214
149_6c22203e5ed35df9ca4aeb694e04f8df 23.11339831829071 0.8878492794036865 0.11698008825629949
150_6c50a9b8e01fbca27dfb1ee6a4b12bf8 25.64635323524475 0.9283340303897858 0.10016018606722354
151_6c85bbbbbea160bd81bcd6355b440fd5 23.428752794265748 0.9305566048622131 0.0782168924473226
152_6d01a15517fcec07a546b0c1c6a4821 23.9582670211792 0.9318586323261261 0.07218864107504487
153_6ea4111bb47039b3d1de96b5c1ba002d 22.93754595756531 0.9147507472038269 0.09965703688934445
154_6f793e0f29f6b0b4da82e7357e8ee170 21.540327644348146 0.8949398071765899 0.10601483314856887
155_706083fa2a8c2b50bc97decb713a2619 23.81878126144409 0.926009740114212 0.09436354621499776
156_70cf106dd369bf3ac427f8508e3d634b 26.22060748100281 0.9425262217521667 0.06952903766185045
157_70d31e0100cab3fd77954285e7764e1b 22.350107107162476 0.9025489206314087 0.11211535852029919
158_72d1eb25d911b6d8913eef1194316fef 27.164682865142822 0.9577905406951904 0.07348854959942401
159_72f6c3c3078ef567dfb1ee6a4b12bf8 28.793848066329957 0.950466236114502 0.06370231057703495
160_7434c137695be0eaf691355a196da5f 23.10451639175415 0.9161928136348725 0.08031425506249071
161_744f3661d9030c059cc32a851e7d6f32 30.579653282165527 0.9577171087265015 0.05766147714108229
162_752d240eb33f328cbf95baecbc060806 26.154862337112426 0.9450659577846527 0.07803674814105034
163_77d884ef56bc97a8b7ddd670a53fb311 28.478729276657106 0.9566269347667694 0.07494110599532723
164_791885fd798b1981c1006ed55bc1a3fc 23.546611881256105 0.8938791627883911 0.10818365025520325
165_794fc3e07d3c5954514e3d96995c555d 26.669349708557128 0.9461202778816223 0.0737489509023726
166_79c9b9b6e2cb15a2dc1f7c6230f38f00 21.796480474472045 0.9313187823295593 0.08735646538808942
167_79d9cd9a0cc2184ffcc96966174e5650 22.292571845054628 0.9036332824230194 0.10169869785755872
168_79db6e5fa70b39467df67c910758dfc1 23.6150474357605 0.9434185554981231 0.07897449478134513
169_79febc9d103c4d1c247a5be450795511 25.25528305053711 0.9447400012016296 0.08522802729159594
170_7a0f252961e5bffad95840a0da458be0 29.89886608123779 0.9575905919075012 0.05862880587950349
171_7a8f5c085be36a8052aa494042b7c9db 26.02467017173767 0.9344192197322846 0.06258478740230203
172_7aff83bed75b6778e5e8ebca62d4509c 21.772095770835875 0.9075929231643677 0.08701104060932995
173_7b74eb8f053aabe64eb766e5a46fceab 23.963542776107786 0.9388137786388397 0.07443730321526527
174_7d59691881b13cc5702956de1b65c053 27.769438695907592 0.9452375221252441 0.06430366381630301
175_7dda382210dd768680e74058ee862f05 25.046208448410034 0.9250645623207092 0.07242693700641394
176_7ee2193b072afa652935bed12a852dcf 25.24543088912964 0.9425622532367707 0.060811083102598786
177_7f701224ca471b2ab8013668e30e23b0 28.122534160614013 0.9440572943687439 0.07154928681626915
178_7faf7e8c2f383eafca92a4cdad802b45 26.77827691078186 0.9397295229434967 0.07661961463838815
179_816f9a529bf7b14817d5c90faf553cc9 26.22493579864502 0.9555255467891693 0.07808016842603684
180_819b98c138192c88e5e79d9024e2fcae 26.114131355285643 0.9596232533454895 0.08574353839084506
181_8285dfa786cf25b2c29fde65e51f52cb 24.672978148460388 0.9217764062881469 0.12471197903156281
182_82c224e707f63304acb3c21764457201 26.224295358657837 0.9369275095462799 0.05655134085565806
183_834c7e46dfe757b4d229396ef51d2d02 20.768457927703857 0.9010256493091583 0.1046062885671854
184_8361aa7ae1f7dcb582ea71649733f2a6 26.329247732162475 0.9511317081451416 0.05323663895204663
185_83e5b5a3f3aad942ed29cc2a32e4bbed 24.54663872241974 0.9148513464927673 0.09726298252493143
186_85914342038de6f160190e29962cb3e7 22.496618180274965 0.9035486781597137 0.10351735645160079
187_870086475e8af25bae57d337a2e5e53 23.361540479660036 0.9363879780769349 0.08389773023128509
188_87020c25b9166cf11d27be7764701cfe 22.451474018096924 0.9284168691635132 0.09004068590700626
189_8798825a3c68e5c7e0470509f60266ee 22.141540050506592 0.924376267194748 0.0843951925598085
190_87ee241d3d0d1dda4ff3c6764341833 27.763981704711913 0.9656336138248444 0.05604560118727386
191_88a814d2107f882d3d30c6f269d07627 21.61564880847931 0.9184085078239441 0.09606828969344497
192_8b722405131e569db927782fc69a1fbb 24.536853017807008 0.9292549436092377 0.05940514122694731
193_8b74a58c28cac774753d1d86ac1bdfce 23.42717065811157 0.903033100605011 0.09634671710059046
194_8b8f4f12e5b142c016abce8cb03e7794 22.318759269714356 0.9415634920597077 0.0868087542206049
195_8c1b20c4c37dc679301fa882a9655049 21.29982300758362 0.913154661655426 0.08426453279703855
196_8d14c94dd325400d93b973d059f27e65 24.53008439064026 0.9363324115276337 0.08802572787180543
197_8e39ba11949027ce14914b7641b2fd67 26.255724353790285 0.9423405346870423 0.0625085574761033
198_8e8da02ac0168a47ec5e3fe5c33367cf 28.273450269699097 0.9544155824184418 0.0563677516002208
199_8fedb0c03a49bddaa8c38723d07b122f 25.100343618392944 0.9422231004238129 0.06787330896221101
200_9009d75263e350ffb3b0f00a15b90e0a 24.613040580749512 0.9417264785766601 0.07141604677960277
201_906e2e532b7156b612be63c74304797c 25.651718883514405 0.9301032059192658 0.08572702815011143
202_90902c72c195d3ce8256c497dfca7529 20.140975432395933 0.8612972180843353 0.13681423518806696
203_921f87f3d9a4cb8ddb37d391409760c4 27.33841272354126 0.9489129266738892 0.06662076717242599
204_9240401e750395b456fd4619a315629d 26.868780612945557 0.9400289890766144 0.08067989047616721
205_93357732c6306cb51673e1c313348a01 24.126556606292723 0.922873510837555 0.06841162405908108
206_936eb7eec6b76e4b421c2195de5e56c4 26.05792260169983 0.9389420583248138 0.07075824277102948
207_93a813f96365c108f217b9504689397 20.442052092552185 0.9061302034854889 0.10022502396255732
208_93d49d2e5e4ab1b7ae33d942430658c 27.17450647354126 0.9515131320953369 0.048912372082471844
209_93f82393df6d4b7c315a637e839f5286 25.20950849533081 0.9324654040336608 0.07703070625290274
210_94b3689f899c8cfbd575863af568c85 29.351481370925903 0.9547434387207031 0.0719245164655149
211_95844f86f4f0a6b58a6cf8c6b92417f2 21.464943828582765 0.9126466495990753 0.09179528448730707
212_95ddaba8142bb8572b12ea83455b0f44 26.5783607006073 0.9485329315662384 0.0720501614511013
213_95ebb3fd80f885ad676f197a68a5168a 59.35240867614746 0.9991994125843048 0.0199896532157436
214_965e73db41af495941aeea95b863b1b3 23.508970403671263 0.9232327065467835 0.08009291227906942
215_9748063440a449ab3db642d8dff7fbe6 25.104781131744385 0.9220523076057434 0.08247341452911496
216_9807c1d0bcec85fcc3c0146ad3ea2d7d 27.512545919418336 0.9491291773319245 0.058324571032077076
217_98316f2e772d60587e5e3333f4cc9f83 23.842860865592957 0.9189110054969788 0.07332433020323514
218_98a4518ee8e706c94e84ac3ac08acdb2 19.4822180891037 0.8423456749916076 0.1272456407546997
219_98b30f0a29fe2a1ba7fd25564c2e888e 22.573351669311524 0.9107364869117737 0.0851886249370873
220_9a806af16e5a102786d01a5629641c74 24.485614347457886 0.9336964690685272 0.06899366977065802
221_9abfdc63aa88be60733269057ed164db 26.452581415176393 0.9462787158489228 0.07603183890879155
222_9cabc9b21a7c5fcab02964031d37f87 23.98758620262146 0.9353072543144226 0.07201585538312792
223_9de10b4469cdc435afe1d4530f4c6e24 23.019909744262694 0.9002658956050873 0.1392204213142395
224_9e4a79d30930cc2fcefa74f1d0bc6e6 22.912097940444948 0.9133904881477356 0.085170734860003
225_9e6156aea0c7e60ff7d6fd2038bf9a11 27.9331081199646 0.941396559715271 0.072473029948771
226_9f5d5b655ebbbb9c4d31b03e74c723a3 23.41346417427063 0.921546082496643 0.0798743553608656
227_9fda50a84e042ff1a7e7e5ea49ad8e45 23.5200168800354 0.9170143435001373 0.07311181217245757
228_a281de4b24f5500d4c40f34de8f3bdb8 22.85310211658478 0.9232726247310639 0.0850948707871139
229_a2fa0bfd39718f1688a610ac9b7aaa40 24.11115979194641 0.9349320058822632 0.07018615152686834
230_a34260b8cdb1ec95b63de680261b9e1b 25.129915628433228 0.939214809179306 0.07501529348269105
231_a34dc1b89a52e2c92b12ea83455b0f44 26.545319604873658 0.9364926779270172 0.06688244906440377
232_a39ed639d1da66876d57cf36a7addb49 25.93776294708252 0.9496162710189819 0.05923729438893497
233_a3e8a28918af7b07e3857ce739e6606f 23.568543434143066 0.9335159990787506 0.09992893866449594
234_a49041daedac3ecf2fdea40a56b4c57d 28.606208057403563 0.94567129945755 0.07402616305276752
235_a495bebb2ebd72f3dd7cb6e3ad90d3ea 22.10919575214386 0.9106307141780853 0.07793787249550223
236_a54ce961d973443a0daf3e5400b95c 27.75778416633606 0.9594742498397827 0.04345616351813078
237_a583ea14f9da98936436916a86a90ed7 26.764124183654786 0.9558161051273346 0.06345155984163284
238_a59c142ed6850a26ad4bd5fc1269475a 29.29804789543152 0.9584901950359345 0.059930598543956874
239_a720d17573022d9ac00fd1150223027 27.586683616638183 0.9585901348590851 0.051743542347103356
240_a750b467d629df3e2268f50ab9844c64 25.690268363952637 0.9460142540931702 0.0800273870266974
241_a886262ac3be5ca7c126a452758c84e7 25.29122462272644 0.9344679291248321 0.050340645868331195
242_aa41aa1837c809e1e12eceaa46673a5d 28.804116382598878 0.960371390581131 0.06204569449834525
243_aadf8736528b0f46857652684714945f 23.154461917877196 0.9391084830760956 0.07583316283300519
244_ac482136fc30fd5ad8f405c5ec4e8cb0 23.848265962600706 0.922194298505783 0.10004606741294265
245_ae088f798f2c99c2927e12317acf49e7 24.857435398101806 0.9394675257205963 0.06678714098595083
246_ae9b244f9bee122ba35db63c2ad6fc71 56.42519685745239 0.9986894392967224 0.01451116910111159
247_aec393b8c73d3a8ae4bee94a37836d67 25.195650424957275 0.935161073923111 0.07236184969730675
248_af60bafcdba34eab56de8db8652eec4e 22.383678398132325 0.9240471968650817 0.07174089779332281
249_af834c760bf3c75043f0e92e826556b8 22.49259217262268 0.9081242763996125 0.08107478988543153
250_affba519865b72fc2c95ae1829869305 22.31978256702423 0.9554399206638337 0.07414627133682371
251_b0810f509a3c4cf895cad68eb5eb0e38 25.333329582214354 0.9379546546936035 0.0793679738380015
252_b0a659083ec6e936ca92a4cdad802b45 23.227590703964232 0.9328145153522491 0.08340876804292202
253_b48b8791a3b09753b8d3554bd033ee9b 23.217643032073976 0.9144250636100769 0.10261414093151688
254_b4ea44416a06834af200a72c9245aee7 21.53243100166321 0.8999674375057221 0.08482433705031872
255_b554614b14148e4ec0ed6ec757ca50f5 26.774949226379395 0.9418080434799194 0.10229857354611159
256_b6755cab505f437375cad724c63e222e 28.286221256256102 0.9595709645748138 0.06924637017026544
257_b76bdcfc277f54007f3efc94c2d31dc5 25.98627115249634 0.9420891420841218 0.06822939677909017
258_b87ae16029527cf3fa87597d91a3e9a2 18.231346368789673 0.8474622097015381 0.12904918595775963
259_b88a4c0cb2092fa52fa4ad29a1236d7 18.94943838596344 0.8818507955074311 0.12345703077316285
260_b990ae1858bb82c133f84f942f9a2bf5 23.809673147201536 0.929142314195633 0.07752402075007558
261_b9c0f9dbfb5a1c0f99684c8184952917 23.9890456199646 0.9172941625118256 0.10725116893649102
262_ba0c32b3feba49b0b40adee184c371d0 21.936712250709533 0.8913051855564117 0.09804273496940732
263_ba817f535c2668081f757787330d376f 23.60938925743103 0.9065133769512177 0.1044445765092969
264_baa2f488ec67a0a7c66e38c3984e156f 27.78658327102661 0.9501947133541108 0.06819183504395186
265_baf3415a57e6f282b23c333ee1a445e 27.545457458496095 0.9531842648983002 0.06758928733691573
266_bbaef5a610b0b4d5368f3995546e59c8 27.26474061012268 0.9520198276042938 0.06358114233613014
267_bbca0e2391217de71e95a82bd2f5907a 25.10627519607544 0.9388433334827423 0.09275393581017852
268_bc533f9881b0775c3a0daf3e5400b95c 24.1218306350708 0.9286053416728973 0.07615916690975427
269_bc7ca9eec356ce21ad32396cbf7f43dc 25.935756101608277 0.9477379565238953 0.052184954453259706
270_bd6eb1dc7d16372651a95aaa6caba1d3 21.915525517463685 0.9056505904197693 0.11376710634306073
271_c12424d1cb48ce0fd0a4f72b67c7f064 23.29202018737793 0.9288366525173187 0.0647589567117393
272_c2283d62367d637249b991141ee51d9a 23.844216299057006 0.9284787492752076 0.07629575049877167
273_c2d2eae7ef1a34e1f500cc506a763c18 24.476294374465944 0.9345851061344147 0.0635876519139856
274_c683e8e57b20ceeab927782fc69a1fbb 22.744472703933717 0.9138692407608032 0.08949243481457234
275_c6dbb4874805a2c6c2998c73c3c35adb 24.373091487884523 0.9312003223896027 0.07913556834310294
276_c721c1e89e68e01fec4be884ee173bab 23.186888823509218 0.907063039302826 0.0884957883246243
277_c7ce82b4b1e795b0cfd826dd468a5497 21.96007749080658 0.9131103785037994 0.07680960756540299
278_c8c51e709d1cdbe0673ddeabdcc8c6e 26.98867156982422 0.954339197397232 0.07720150780677795
279_cab3b584786dda8c85c68dc758ce6c5 21.53770182132721 0.897265097618103 0.11030798257514834
280_cc7dfb5ecdf370a178c14a9d99ecf91 22.91261442184448 0.9301355538368226 0.08631378023326397
281_ccc6b5ace9f5164d26068f53fe0ecf07 21.09968349456787 0.8766981928348542 0.09131039399653673
282_cdd58286e3e428ec1fabf3cbd0fc77bc 20.39297513484955 0.8899670174121856 0.12462355175614356
283_cfb6c8867c6dd84c80e74058ee862f05 22.3499480342865 0.9393395736217499 0.0838556701913476
284_cfc8e5925bbec93de20af544ce47dd47 27.95909282684326 0.9558546974658966 0.0697534002289176
285_d07c8208ad9dc35780e74058ee862f05 25.562966232299804 0.9374622712135315 0.06729424785077572
286_d0a906517e0ec98589fc8cf5232ee9c 22.11290063858032 0.886410266160965 0.11312486198917031
287_d13d0612c64c1c872457c273ba02ebf 28.59138461112976 0.9647241470813751 0.054680784730240704
288_d18817af1a2591d751a95aaa6caba1d3 20.74327078342438 0.9031488246917725 0.11687405316531659
289_d1dcddb5b1d7404dd9b0c189eb588ce6 23.402059469223023 0.9260437662601471 0.07331934114173054
290_d4cec810b46292ff1f759e96682e340e 23.38915071487427 0.9269356801509857 0.06817562405019999
291_d5c4532a34ba10e6f9798a883006064f 24.861468477249147 0.9309769849777222 0.08868704362213611
292_d652c35de82c3f3141fd6622cb2ed89d 28.14709916114807 0.9442124631404877 0.05237503287382424
293_d76c9eb102316ac631a8860374e7eed 26.03275896072388 0.9395691647529602 0.07883950483426452
294_d8b50ce6cbfb56a4786993ccbbbff425 27.120367698669433 0.9463287394046783 0.0694511675350368
295_d91d378248a55e44d9cc84cf84983165 24.89654483795166 0.9243197231292725 0.08638862065970898
296_d967be366b99ac00bac978d4dc005d3 27.257274255752563 0.9497050335407257 0.08687871817499399
297_d9867d92edba3d0cb96212c8f6cd06e 25.186734323501586 0.9481347568035126 0.07219822067394853
298_da34cb394fb3caa58dcad5127c74b8e0 28.797088298797608 0.9576981129646301 0.06922894695401191
299_da82ba81a8fb0737d06f1bbd2acc051 22.33948318004608 0.8933131585121155 0.09862762302905322
300_db91e70ebe09d5edf446f92b52bbd82a 23.69611840724945 0.9451832032203674 0.07142696552351117
301_dc2c49d8617d400daa44bfa127abe4bb 27.804032678604127 0.9471418499946594 0.07676284340396523
302_dd8b4530c7122fde6a8da1ee9004e891 23.705580739974977 0.9328560755252838 0.07843944966420531
303_dda0d7e01642f399d4118745f38eac76 26.4778861618042 0.9623949620723724 0.056707334622740746
304_ddd5e2bb26c82862b41ac95a0a9b3aa0 24.24882306098938 0.9296548533439636 0.06751058696210384
305_df91db4ada9bad0f9c0cac0d72a31ff9 25.747462100982666 0.9324742329120635 0.07465410735830665
306_dfa6e60e478d5053705278f93079331 22.498431358337402 0.8937148334980011 0.09486036705970764
307_e128a506f2e29a6796cceb824e3c56b0 24.962071447372438 0.9390958232879638 0.05914918518066406
308_e14338cbdf53c0ae3a0daf3e5400b95c 28.88152606010437 0.9514598190784455 0.08417724091932177
309_e14a04dd31112dbcafe1d4530f4c6e24 24.04288414001465 0.9321616108417511 0.07512467564269901
310_e169584b7e66ef074051b6e037481c7 17.942497572898866 0.8723309214115142 0.10551117604970932
311_e2bdf01abc79a8d054b49557f8ea8b42 19.004225697517395 0.8622167763710022 0.15033472172543408
312_e337e9940356e866b82298c7ee2fcc7 25.164584465026856 0.9474070358276367 0.06325844040699304
313_e4b5734836d9519aa8a84951596cc1 29.365204334259033 0.9651854844093323 0.0448244099970907
314_e4d396067b97f3676dd84bc138e22252 22.383171157836912 0.9417696082592011 0.06230295756459236
315_e54eb2674d6b3e241e351ee0a9db4268 24.937791213989257 0.9335751819610596 0.07345178419724106
316_e6581335186f5f6d8f01b3789ded1e40 23.050679244995116 0.9048960523605347 0.09958564997464418
317_e67509fb6192be6a7e7e5ea49ad8e45 25.654654216766357 0.9380980749130249 0.07545198306813836
318_e6e932a5d92d62251d15f502e679d4c 26.387163591384887 0.9320962245464325 0.08059051328152418
319_e717bcb56d012a48b1bb46d2556ba67d 24.199892024993897 0.9334585309028626 0.07997668772935868
320_e95d4b7aa9617eb05c58fd6a60e080a 21.18363984107971 0.8760494396686554 0.11143559785559773
321_e9738c96c8ffbdfdeae19b6e682da29 21.343012385368347 0.9110633943080902 0.08603816591948271
322_e98955e5d46a492c036e20efe5e5ca8 25.952270946502686 0.9434358019828797 0.08191333042830229
323_e999dfb757ddca4830e7f6cd6fb3f1b9 23.19960437774658 0.9085464005470276 0.08095377640426159
324_eaeabed4e984364868ebd0cfefbb61e9 23.714341468811035 0.9353761806488037 0.061739969354122876
325_eb40501934995e1a6560c47a91b4db1 21.39605682849884 0.907574709892273 0.0884992113672197
326_ec469722be9d015c1ef32d215d1c8df5 29.941519870758057 0.9573076212406159 0.06086383674480021
327_ee0edec0ac0578082ea8e4c752a397ac 22.707078137397765 0.9101848888397217 0.08756082616746426
328_ef0703db8a04f8c0c0e3666c7d0ec7d0 26.99494203567505 0.9413938291072845 0.05317498910427094
329_effb7322805482465740f5f1a3b45938 28.624241180419922 0.9590480160713196 0.05772156197205186
330_f045547c7c6e5d0ae74479f4823fa2bd 23.471309394836425 0.908225902557373 0.11116846668720246
331_f11d669c1c57a595cba0d757b1f2aa52 23.477239265441895 0.9099700913429261 0.09712639809399844
332_f15ba529063317d241b8aedea2034739 26.898162841796875 0.9496760926246643 0.04647706670127809
333_f238821689b42db5d95840a0da458be0 29.586814584732057 0.9544809186458587 0.06307908177189529
334_f2b350b6c36eb73d1fac59b924f395d9 25.11683855056763 0.9239624664783478 0.10128773486241699
335_f3205edd456cf36feabc798aaf5f039f 25.533233852386473 0.9541384913921356 0.06788367150723934
336_f34c03711c3fc44ac10e9d4ee4bae4f4 23.75548607826233 0.9190319142341614 0.08965962654724717
337_f414e36d6daba864d9bd5ae694086d5 21.252393927574158 0.9169730296134949 0.09537946714833379
338_f6e0b8a0746d36d74eb766e5a46fceab 27.584567775726317 0.9492009463310241 0.07692638139426708
339_f7b9529fb166ee56ac922d597da8f180 24.768141765594482 0.9318113210201263 0.07652485306933522
340_f81db986082fd0562ac826a3c82da491 22.372065286636353 0.9183063218593598 0.07437520417943597
341_f8885a2372b427f8f2626f7f7bd2296e 25.282196798324584 0.9413846287727355 0.06404059092700481
342_f8b92a0ea7f4705c9fec71e8f4aac226 25.225522470474242 0.9397445209026337 0.07245973958075047
343_f8c4bfc065e35555aa44bfa127abe4bb 24.46196279525757 0.9347356414794922 0.056962910555303094
344_fa997987367ed84ef15cbb7bb6511cb8 23.633750047683716 0.9176125988960266 0.09647820553183556
345_fb20b20452ef661f500cc506a763c18 25.560376749038696 0.9351333630084991 0.08259050285071134
346_fc5d8e25052fb713f559279c88cd9a37 21.55281177520752 0.9058727581501007 0.10809925145283342
347_fc99fdfd71b5662a669a6bfc71569d 23.967665061950683 0.921389918088913 0.08713973702676595
348_fcbf9e1dd55ab172ce27281f3b76d1f5 25.455577421188355 0.9463542160987855 0.08910578652471304
349_fdf2a756a86b2946c427f8508e3d634b 24.206427259445192 0.941637047290802 0.07630938490107655
350_ffbebc7c9a32a6f88ec8762dea278247 18.163924779891968 0.8517012116909027 0.1424966339915991
351_ffbf897d9867fadff9a62a8acc9e8cfe 23.33156174659729 0.9311021008491516 0.059433928344398736
