0_10555502fa7b3027283ffcfc40c29975 25.656363229751587 0.9404846444129944 0.05317862212471664
1_107699ca67fcdf3fea999fe4ffdc2504 25.63796173095703 0.944632520198822 0.0893264262266457
2_1176dff7f0ec879719d740e0f6a9a113 23.979179468154907 0.9405230810642242 0.06832994533143938
3_12498dd65e8d65ac3b6f5204eb590354 20.810028681755067 0.8745117285251618 0.1282352593317628
4_129921679aaa3009e44df9b78a00d12c 24.205853991508484 0.9287915971279145 0.07628673613071442
5_12d463649ed6c176ab98a7077c964a60 23.931360530853272 0.922268756866455 0.06614833686500787
6_137f67657cdc9da5f985cd98f7d73e9a 27.6391623878479 0.9477436077594757 0.0725004274584353
7_1399eab8ad7262eb7f3efc94c2d31dc5 26.553919506072997 0.9494902272224426 0.0539350202139467
8_13d0f68f32a86bdfe3857ce739e6606f 25.381701354980468 0.9326907820701599 0.090551249910146
9_15e52e44cdcc80ed13ded1857c15b5b6 20.478902802467346 0.9405507974624634 0.1396805945187807
10_167ec61fc29df46460593c98e3e63028 21.769007835388184 0.9040060827732086 0.10550123827159405
11_1713a1ac8aedcc522b12ea83455b0f44 21.850413584709166 0.9114890642166138 0.11034912430495024
12_17f89c25a3142ee09d2b99af43da16b3 24.171633834838868 0.9149926986694336 0.07956597567908466
13_191f9cd970e5b0cc174ee7ebab9d8065 25.83546495437622 0.95659761095047 0.057815018139779566
14_1963641a15916c03709ce7955adef61b 24.402069149017333 0.941434292793274 0.07818924142420292
15_1a0bc9ab92c915167ae33d942430658c 25.536513986587526 0.9347160537242889 0.0851026219651103
16_1ad321f067ffbe7e51a95aaa6caba1d3 21.18651940822601 0.9052803950309753 0.10122624222934246
17_1b2ef0809ca1abc7ca92a4cdad802b45 24.188184671401977 0.937580096244812 0.09152348148450255
18_1bace29924c0ae42226fc3902f16303f 20.641305146217345 0.8701874158382416 0.13809507858753203
19_1c14ef4c48b7d95d61c6c61410fc904b 27.399674043655395 0.9360865767002106 0.09489158369600773
20_1e6e7bfb08b6b44d615949fb78ffe44f 19.381803703308105 0.8756036791801453 0.11729070645943283
21_1ec1c4aa9190e767da5421a736792418 22.373242206573487 0.9175442683696747 0.08311881975829602
22_1f37a6fbdf7c807e7d439639178556bc 27.885667114257814 0.948505793094635 0.07085910472646356
23_1f7393970917e558b4a20251cec15600 27.07019145965576 0.9477338705062867 0.055109231241047385
24_1feaf720692bdacc27a1a7fdc1941283 26.903071117401122 0.9556873307228089 0.06993843960389495
25_209c79dbd4f7ad944ee32d005103a21a 28.734802236557005 0.9456516513824463 0.07790128184109926
26_20e01ed9c14d4659e61b9ff60b1be412 22.618994307518005 0.926069329738617 0.08517684474959969
27_2262d8b1d5fc79b67211919686015200 22.62842583656311 0.9189495303630829 0.07506050895527006
28_227ab69792241382acfaf62fe6ca656 26.284755086898805 0.9470919735431671 0.050630865506827834
29_22d57b895b9cd22137ca7da637f7c918 25.597664804458617 0.951577032327652 0.05598560132831335
30_23e7ae83601f893b575116d39d0ffbba 26.880840997695923 0.9508771188259125 0.053865724202245474
31_23e8adb3bf1961f85332d3b92481b499 25.24417233467102 0.9339064967632293 0.07325283740460872
32_24819ffdc34b28efe4bee94a37836d67 26.581968574523927 0.9531455812454224 0.06966452544927597
33_24c0c6d558d4d01d8772618b7452025 26.806263217926027 0.9396985788345337 0.07460381570830942
34_24dc3903b254fe41b448bf2dc92c4fab 20.80004315853119 0.9131399552822113 0.09640585063025356
35_26c382bda051376daebb91b7dc4caa91 25.037679452896118 0.9459560039043426 0.07795323069021105
36_26d201a532879a60a7fd25564c2e888e 24.08313660621643 0.9208948478698731 0.09274639865010977
37_27495a8836ead3d55c5dd9508493909b 31.36894390106201 0.9679781610965729 0.051894155405461787
38_2b043f3cae45d4937cbc6cda01aaca49 25.54656849861145 0.951133825302124 0.056331343533471225
39_2b075c9c5d85bc779c75e543b21e90a7 19.600318303108214 0.8926907219886779 0.1033081897161901
40_2bcdaa6516a98b552abd245afcc79403 28.211921100616454 0.967779750585556 0.04637698531895876
41_2c1c8c4aee1e79d52aa494042b7c9db 24.238775510787963 0.9108983020782471 0.10669793206453324
42_2c304c54a6141d214ff3c6764341833 27.102501764297486 0.9568534822463989 0.04956583587825298
43_2cc413c3ea9800b3cf1e58caa15acb49 22.80184872150421 0.9102007958889008 0.09600568378344178
44_2d1adb247cc7a1e353da660a6567c5ff 26.685466566085815 0.9469314594268798 0.061117447886615994
45_2d41d907b7cb558db6f3ca49e992ad8 19.739109582901 0.8746130952835083 0.12920650155842303
46_2e37013195d95f494470fce578e2b84c 26.892815351486206 0.9505164675712585 0.05355696200206876
47_2ef61a1083304211d27be7764701cfe 22.53359962463379 0.9216924521923066 0.09573852875456214
48_2faa3cff00d98abdf5274507f44ab711 22.689812660217285 0.9323382334709167 0.10517693184316158
49_2fe4a878e34bd3bab8013668e30e23b0 27.37990020751953 0.9492263844013215 0.05944945135712624
50_3026dc837dc5dd7a157e36ecb370d387 21.69589373111725 0.9103176755905151 0.10905476086959243
51_307e83044ed81f6c473f10e6caaeca56 25.55314702987671 0.929727703332901 0.08165081400424241
52_30964e51b5218487577fbd27130e143 22.65700520038605 0.9222485475540161 0.09012044363468885
53_3129657917191e101f0d59cde6139796 26.123714637756347 0.9477959833145142 0.06936756161227822
54_3134927c492c39e241d7734b73edc062 25.661921434402466 0.9301313707828521 0.08724388013407589
55_31998170afc1a0b9d13bda570aea1f6d 26.700579528808593 0.9509769296646118 0.05556678470596671
56_34412b56217de1112b12ea83455b0f44 25.825101318359376 0.9333090310096741 0.07137970649264753
57_34762df3ff8961188bb11dbc05ffaa74 25.7807230758667 0.9380406229496002 0.06414453955553472
58_34b507c24d9eab7f7eaeab1f0c9120b7 31.116884326934816 0.9632821106910705 0.0614154544249177
59_350be6825c19fb14e0675251723e1e08 25.181972990036012 0.9341296920776367 0.07037399534881116
60_35155f8cacf6d72471fc7d1bbf34b979 25.923315353393555 0.9420293414592743 0.0551075363792479
61_358ddbe8b39125e9e81913b1de19c3f7 24.130456418991088 0.9394001567363739 0.08267535261809826
62_35de0d0cc71179dc1a98dff5b6c5dec6 24.94106351852417 0.9345738847255707 0.058324426524341104
63_36b23cc38786599285089a13cc567dbd 22.027276077270507 0.9415497155189514 0.15155938036739827
64_37e781aa8ae8933a61c6c61410fc904b 26.3799059009552 0.9254960844516754 0.11239103507995606
65_3831ed7bc22100f7c3c8fbe62717803d 24.813116912841796 0.9199871878623962 0.07828355207666755
66_38334022b922a9d4e7540f431cab4686 24.676395711898802 0.9283209412097931 0.09008769807592035
67_38f403b915d950d3ce8f4a5eeb103d2 28.88116084098816 0.946189348936081 0.07998650763556361
68_3a46c9b9e8b18d6a61c6c61410fc904b 21.738059520721436 0.9030870971679688 0.09787537491694093
69_3ac08e66bd7da4c35da01f298003d56 28.674819545745848 0.9535661585330963 0.08677589143812657
70_3b2e74068fee2458dd1e15301c83686f 29.613028926849367 0.9622513101100921 0.0635781019218266
71_3c02c18d64d3f13b8c988ea512260358 27.594332008361818 0.952453115940094 0.05940832237526775
72_3c103561d9a29ae7ddacb20b6a591772 23.354094862937927 0.904770400762558 0.11839878155291081
73_3d6e798bed67ab81f00cd8c386c592fe 22.08152024269104 0.9196637847423553 0.07208898082002997
74_3dd52c850785a6ebbaf1745483a8b34a 27.45096936225891 0.9541007480621337 0.05912282527238131
75_3ddda21d4496fbc693680c5a9a367b4a 26.41164059638977 0.9466588096618652 0.053452296871691944
76_3ed487192c098a36811090af72684c2a 24.04976390838623 0.9163209187984467 0.10726834978163242
77_3ef041182cc1d037a9d3767c58267708 25.093024044036866 0.9334466724395752 0.08483660238608717
78_3efdb762f2663a014c9dc258dd1682ab 23.060935893058776 0.9356074457168579 0.08494385917112231
79_40e51788da97a9c7212ff4933c4abe56 19.928563418388368 0.8518251836299896 0.14226314197480677
80_41d9a381c12ee3e2b7863a3a9a8d5d0d 27.180447731018067 0.9563743438720703 0.053564116887748245
81_420519a0f7390564f500cc506a763c18 25.023692302703857 0.9453124713897705 0.06012704599648714
82_42ca4f6a7d7a39712a9eb0f146e94477 28.435083026885987 0.9578658652305603 0.07507817801833153
83_42eb287e220fd02c2e466666025c187 23.3356512260437 0.9102564361095429 0.06915639558807016
84_431ca41fdf0897c628ccbb4eb8965b05 21.14675473690033 0.9047634410858154 0.08592714486643672
85_43fc65dfe952a7f4cf6923c08156107b 26.012286643981934 0.935257242679596 0.05114666526950896
86_44cc90939a67b72c71778fcae3da6f00 25.83199818611145 0.9357350170612335 0.07061537972837686
87_468be6b80d1c7dd655ac255cda83e91 24.179658460617066 0.9209454009532928 0.0852811841107905
88_471673f3f062abd473f10e6caaeca56 25.12669581413269 0.9284946937561035 0.07610941741243005
89_472f62cb87c3f1606e04fb225ca92772 24.745650482177734 0.9345378124713898 0.0693754341956228
90_477ffb061f40e10e148f8c864a546424 28.63839750289917 0.9575754578113556 0.050770774293690916
91_481c55b1fa36f6c7d834dead2eb68d68 24.045760102272034 0.9215422563552856 0.09766171239688992
92_48862b67f5932cd4473f10e6caaeca56 23.849818229675293 0.9257793810367584 0.07844709032773972
93_491653e537f1a701697b84068abf146c 25.14192419052124 0.9309065849781036 0.08333551624417306
94_49888b45d4bf55a530855e8db75dec30 31.62831618309021 0.9639403908252716 0.06577113327383995
95_49d6a631f23a324cde361784b4e1f04 28.410697927474974 0.9590305292606354 0.05651997685432434
96_49f3932e6fe0828951cc889a6330ab15 21.884434056282043 0.9190263588428498 0.08681920566037298
97_4c6aa3e7a8130295b528c0abff96f586 24.025846967697145 0.9337548632621765 0.08947490874491631
98_4dad98955a47e81a8b3877a62f2cbe1d 24.10766142845154 0.9097331783771515 0.09952038912847638
99_4dd97a6805c2797d18d95feceda870ca 27.339636898040773 0.9466827440261841 0.06984170774184167
100_4eb5ec5502561124875fb780d36841f 23.255800952911375 0.9308800227642059 0.07388191077113151
101_4eeac6360031021b8141ca5f94f1242d 22.726524705886842 0.9136720085144043 0.0887521186619997
102_4fcf76fa7f07a0008bb11dbc05ffaa74 25.31212791442871 0.9302290685176849 0.0617729435376823
103_5089b134ef31941edacf4de272c1e30 21.565467867851257 0.9139864630699158 0.06895337811671197
104_528c01214da6d4bca7fd25564c2e888e 24.92902843475342 0.9246961731910706 0.08855455435812473
105_52a988b361f6cefd685753e73124c6e8 23.945003824234007 0.9377840464115142 0.06368580385670065
106_52c589e86fd500cd4a42886683bb52d2 19.845596599578858 0.8746576704978943 0.11457157925516367
107_53507d1d09b3c2671cd97374110efb0a 23.928198757171632 0.9274273416996002 0.07395259464532136
108_545abd37dd50dad953536e7c905b301 26.563514394760134 0.945567688703537 0.051891405144706367
109_56c056544a2fba1614d5081e13f5a1db 26.749630088806153 0.935972059726715 0.08355336933210492
110_56cca58a4f37323bd0889537a7d54003 25.371309061050415 0.9548031775951386 0.06111828965321183
111_575ac5c53ab9fe21a26fdd1a1e470de9 24.425988607406616 0.9239585509300232 0.08221996822580695
112_57aa7560dcfecea81edf5a868fdffb8d 30.684186220169067 0.9726379795074462 0.04508221611380577
113_5801f9eb726b56448b9c28e7b121fdbc 18.6228031873703 0.8841035463809968 0.11713471942394972
114_58569e7feac27d3e5da8146fec888d45 23.034503560066224 0.919130642414093 0.08619568147137761
115_5881807902ace2dc7d26edf2a8ffb68 25.11327925682068 0.930814258813858 0.08304185147210956
116_58d9741ad324623e9872e22d6b8eb647 24.00635069847107 0.9287300169467926 0.08267258391156793
117_58f447ce8de6b9794c40f34de8f3bdb8 24.731390495300293 0.9357392377853394 0.07727823930978775
118_5a841a8269d3560d756e18912340de0e 24.073405704498292 0.9192292363643646 0.07722468194365502
119_5ad4cc3f8e191c61d31d4c555d4c5a0 24.080829763412474 0.9361308462619782 0.07138716926425695
120_5d2e6410d4fb760befdff89bf9a96890 28.033346319198607 0.9403468415737152 0.07931677569448949
121_5d385a0a87d0df4a51a95aaa6caba1d3 21.066068754196166 0.8909374506473541 0.10858072206377983
122_5d8476a9aecbbe1e9ec9fbf723f60ac0 23.460203714370728 0.9202330551147461 0.08740528248623014
123_5dd97775bf24ffa2283aaea3c1a7dc36 24.43177103996277 0.9266797020435333 0.08083437874540686
124_5dde5594b4e9e86ce60ff101126e254 17.047450804710387 0.8523267323970795 0.1088667023256421
125_5e4a1ac9bdce2766473f10e6caaeca56 25.863621168136596 0.935195913553238 0.07013426608964801
126_5e857724d62912969acee38782dd9680 25.836130180358886 0.9241094195842743 0.09323375188186765
127_5ea6bb423b1600141d225d751745cd28 22.959115777015686 0.9213827393054962 0.09579608324170112
128_5f32aca282eb9167ff1370452e3a0154 23.321839103698732 0.922233634710312 0.07209685310348868
129_5fe3753b18cb01ae1b581e1887fa67b 24.70907649040222 0.933853856086731 0.06832353442162276
130_6107486a14c40227665f0dfc9cc02b1 25.2196261882782 0.9378974912166596 0.06962601153180004
131_61645b21c344e22a65dc1e664bdf2e6b 20.89726342201233 0.8894140655994416 0.1168130261451006
132_61bcc13c67a92542b6aab5f7ece0e6cd 22.013732299804687 0.9026615879535675 0.08846812799572945
133_61c4db4cd886250f473f10e6caaeca56 25.710202913284302 0.9383187901973724 0.07337665040418506
134_61f4cd45f477fc7a48a1f672d5ac8560 26.67778281211853 0.9443782994747162 0.06330859963595867
135_6201a29763c2256a2bb5796f842ca661 26.61008098602295 0.9429527003765106 0.056560321439057586
136_6232fe1824a6d1775b72003cd427d0c1 27.39515926361084 0.9587668647766113 0.0501141685154289
137_62393db2dee065956e28ffc6e1f368fe 20.83796751499176 0.872353465795517 0.122988629758358
138_626a407fd0fa17d3aa1fca93ac59c77e 26.304434642791747 0.9257963020801544 0.0962851870432496
139_62a7e17ce83e2f9cc0ed6ec757ca50f5 24.016535930633545 0.9283218698501587 0.06471927465125918
140_63cc90709837d314a0b2db16370345f0 24.711931114196776 0.9234312443733216 0.08487034432590007
141_6482e3afc2664e32d30f2d8d219e111c 25.080672168731688 0.9415360419750214 0.10276835540682078
142_662cd6478fa3dd482d7d789814cae761 23.15324765205383 0.9225015370845795 0.08865820083580911
143_663bec87ecf2e0adad0e351bfd714e3b 26.021085920333864 0.9415257861614227 0.05277937987074256
144_67e2e5470d27e605d3c820a40c219fa9 27.98217113494873 0.9617245981693268 0.058215108849108216
145_692001fd91d8328ef421855cd210fbe9 24.545137758255006 0.9384224019050598 0.08393881337344647
146_6942e70e574edda3c8831f15c6e487ac 19.912904267311095 0.8822950122356414 0.14179556097835302
147_69492fdcd530eb3da6ce6972f601a2e9 18.478787975311278 0.840664003610611 0.1290095112659037
148_6ae21b4b5aa92db4c79d3cf109867c13 20.587916469573976 0.8841821570396423 0.12429343618825078
149_6c22203e5ed35df9ca4aeb694e04f8df 23.375905838012695 0.8917208175659179 0.11216191349178553
150_6c50a9b8e01fbca27dfb1ee6a4b12bf8 25.654191360473632 0.9277598984241485 0.10049792809039354
151_6c85bbbbbea160bd81bcd6355b440fd5 23.462199802398683 0.9314490566253663 0.07680878099426627
152_6d01a15517fcec07a546b0c1c6a4821 24.10567202568054 0.9319565606117248 0.07220167078264057
153_6ea4111bb47039b3d1de96b5c1ba002d 22.972281064987182 0.9151613092422486 0.10008466516062617
154_6f793e0f29f6b0b4da82e7357e8ee170 21.48353949546814 0.8944574837684631 0.10764022750407458
155_706083fa2a8c2b50bc97decb713a2619 23.88910186767578 0.9269977042675018 0.09315798935294152
156_70cf106dd369bf3ac427f8508e3d634b 26.1388547039032 0.9421055536270142 0.06975141459703446
157_70d31e0100cab3fd77954285e7764e1b 22.34591646671295 0.9026511602401733 0.1133546715900302
158_72d1eb25d911b6d8913eef1194316fef 27.08309648513794 0.9577439200878143 0.07306807470694185
159_72f6c3c3078ef567dfb1ee6a4b12bf8 28.780636415481567 0.9499215724468231 0.0643433004245162
160_7434c137695be0eaf691355a196da5f 23.02305097579956 0.9154851746559143 0.07996535087749362
161_744f3661d9030c059cc32a851e7d6f32 30.4685595703125 0.9563976995944977 0.058712326906621454
162_752d240eb33f328cbf95baecbc060806 26.299059114456178 0.9467224318981171 0.07654238976538182
163_77d884ef56bc97a8b7ddd670a53fb311 28.336039848327637 0.9554809696674347 0.07552870573475957
164_791885fd798b1981c1006ed55bc1a3fc 23.66463921546936 0.8959620575904846 0.10741887775063515
165_794fc3e07d3c5954514e3d96995c555d 26.577751255035402 0.9458947055339814 0.07430108824372292
166_79c9b9b6e2cb15a2dc1f7c6230f38f00 21.501466484069823 0.9296340963840485 0.08715908309444785
167_79d9cd9a0cc2184ffcc96966174e5650 22.230992255210875 0.9026004767417908 0.10365527412295342
168_79db6e5fa70b39467df67c910758dfc1 23.946182870864867 0.9467867345809936 0.07829770971089602
169_79febc9d103c4d1c247a5be450795511 25.077046785354614 0.9441990332603455 0.08559067392349243
170_7a0f252961e5bffad95840a0da458be0 29.900292177200317 0.9570527703762054 0.05965351765416563
171_7a8f5c085be36a8052aa494042b7c9db 25.761999254226684 0.9320685255527497 0.06331232719123364
172_7aff83bed75b6778e5e8ebca62d4509c 21.498709597587585 0.9063481945991516 0.08812125624716281
173_7b74eb8f053aabe64eb766e5a46fceab 24.060136308670042 0.9410922219753265 0.07390717007406056
174_7d59691881b13cc5702956de1b65c053 27.760724401474 0.9449801506996155 0.06386540684476495
175_7dda382210dd768680e74058ee862f05 25.07417841911316 0.9250740501880645 0.0716943458877504
176_7ee2193b072afa652935bed12a852dcf 25.28217206001282 0.9429709391593933 0.0612680180631578
177_7f701224ca471b2ab8013668e30e23b0 28.079184589385985 0.9434597496986389 0.07246698340028525
178_7faf7e8c2f383eafca92a4cdad802b45 26.801547393798828 0.9393954880237579 0.07617688851803542
179_816f9a529bf7b14817d5c90faf553cc9 26.098550424575805 0.9549820265769958 0.07835421823710204
180_819b98c138192c88e5e79d9024e2fcae 25.851168584823608 0.9584090418815613 0.08551022541895509
181_8285dfa786cf25b2c29fde65e51f52cb 24.885574021339416 0.9232560789585114 0.12480948739498854
182_82c224e707f63304acb3c21764457201 26.245554246902465 0.9362532410621643 0.057057801872491834
183_834c7e46dfe757b4d229396ef51d2d02 20.520872793197633 0.898297595500946 0.1059094998203218
184_8361aa7ae1f7dcb582ea71649733f2a6 26.529831590652467 0.9523782312870026 0.05211493365466595
185_83e5b5a3f3aad942ed29cc2a32e4bbed 24.113831930160522 0.9130768711566926 0.09793582047894597
186_85914342038de6f160190e29962cb3e7 22.38478367328644 0.9006894185543061 0.10641995371878148
187_870086475e8af25bae57d337a2e5e53 23.324823694229124 0.9367544438838958 0.08355207997560501
188_87020c25b9166cf11d27be7764701cfe 22.34122926712036 0.9276195683479309 0.09028988798707724
189_8798825a3c68e5c7e0470509f60266ee 22.060335969924928 0.9254889931678772 0.0842633714824915
190_87ee241d3d0d1dda4ff3c6764341833 27.5828563785553 0.9654410119056702 0.056306601559743284
191_88a814d2107f882d3d30c6f269d07627 21.70362301826477 0.9192172532081604 0.09331438167393208
192_8b722405131e569db927782fc69a1fbb 24.348861312866212 0.9285541787147522 0.05888876639306545
193_8b74a58c28cac774753d1d86ac1bdfce 23.329911823272706 0.9028517456054688 0.09620652321353555
194_8b8f4f12e5b142c016abce8cb03e7794 22.37038137435913 0.941164992570877 0.08802566495537757
195_8c1b20c4c37dc679301fa882a9655049 21.445450210571288 0.9154261906147003 0.08389027539640664
196_8d14c94dd325400d93b973d059f27e65 24.33120126724243 0.9342099299430847 0.0886110964640975
197_8e39ba11949027ce14914b7641b2fd67 26.68425220489502 0.9454981982707977 0.06082614354416728
198_8e8da02ac0168a47ec5e3fe5c33367cf 28.386402635574342 0.9552638134956359 0.05649607083760202
199_8fedb0c03a49bddaa8c38723d07b122f 25.012821979522705 0.9412218434810639 0.06789915241859854
200_9009d75263e350ffb3b0f00a15b90e0a 24.666241941452025 0.942699756860733 0.07089186952449382
201_906e2e532b7156b612be63c74304797c 25.53362982749939 0.9285836172103882 0.08558956222236157
202_90902c72c195d3ce8256c497dfca7529 20.123465375900267 0.8610728771686554 0.1348565324321389
203_921f87f3d9a4cb8ddb37d391409760c4 27.274013900756835 0.9482884376049042 0.06727903551980853
204_9240401e750395b456fd4619a315629d 27.021933164596557 0.9411635856628418 0.07991875763237476
205_93357732c6306cb51673e1c313348a01 24.566098051071165 0.9249638884067536 0.06806966370716691
206_936eb7eec6b76e4b421c2195de5e56c4 26.091730499267577 0.9383618109226227 0.07070440566912294
207_93a813f96365c108f217b9504689397 20.499336142539978 0.9077824115753174 0.09722924429923296
208_93d49d2e5e4ab1b7ae33d942430658c 27.07482953071594 0.9508345313072205 0.0494822714291513
209_93f82393df6d4b7c315a637e839f5286 25.0926047039032 0.9313715980052948 0.07902745370194315
210_94b3689f899c8cfbd575863af568c85 29.307093267440795 0.9550917375087739 0.07178930699266493
211_95844f86f4f0a6b58a6cf8c6b92417f2 21.674671988487244 0.9138837976455688 0.09171537271142007
212_95ddaba8142bb8572b12ea83455b0f44 26.981284189224244 0.9523068907260894 0.07094275338202714
213_95ebb3fd80f885ad676f197a68a5168a 59.210780982971194 0.9991596937179565 0.021453415472991764
214_965e73db41af495941aeea95b863b1b3 23.68916169166565 0.9251603772640228 0.08025335201993584
215_9748063440a449ab3db642d8dff7fbe6 25.285610933303833 0.9232529048919678 0.08074801331013441
216_9807c1d0bcec85fcc3c0146ad3ea2d7d 27.61255129814148 0.9491754765510559 0.05817883408069611
217_98316f2e772d60587e5e3333f4cc9f83 23.853070635795593 0.9187998189926148 0.07256491475924849
218_98a4518ee8e706c94e84ac3ac08acdb2 19.515698766708375 0.8449309542179108 0.12462305284664035
219_98b30f0a29fe2a1ba7fd25564c2e888e 22.826561794281005 0.9127328462600708 0.08437144964560866
220_9a806af16e5a102786d01a5629641c74 24.30664267539978 0.9313463499546051 0.06917147781327367
221_9abfdc63aa88be60733269057ed164db 26.359772357940674 0.9453817028999328 0.07588827747479081
222_9cabc9b21a7c5fcab02964031d37f87 23.97666835784912 0.9347936935424804 0.07240933080390095
223_9de10b4469cdc435afe1d4530f4c6e24 23.001158990859984 0.8997424116134644 0.13952361995726822
224_9e4a79d30930cc2fcefa74f1d0bc6e6 23.105368738174437 0.9151280102729797 0.08357745700702071
225_9e6156aea0c7e60ff7d6fd2038bf9a11 28.05697501182556 0.9423325204849243 0.07191317480802537
226_9f5d5b655ebbbb9c4d31b03e74c723a3 23.384655017852783 0.9207389340400696 0.08055675500445068
227_9fda50a84e042ff1a7e7e5ea49ad8e45 23.338927459716796 0.9160573055744171 0.0741341632027179
228_a281de4b24f5500d4c40f34de8f3bdb8 22.899477663040162 0.9225732021331787 0.08463029727339745
229_a2fa0bfd39718f1688a610ac9b7aaa40 24.020816526412965 0.9339903054237366 0.0707013361696154
230_a34260b8cdb1ec95b63de680261b9e1b 25.01941180229187 0.937735125541687 0.07556515895575285
231_a34dc1b89a52e2c92b12ea83455b0f44 26.19364532470703 0.9336974303722382 0.06779772679321468
232_a39ed639d1da66876d57cf36a7addb49 25.733763608932495 0.9478340580463409 0.059351115349680184
233_a3e8a28918af7b07e3857ce739e6606f 23.555832023620606 0.9336750886440277 0.09981476411223411
234_a49041daedac3ecf2fdea40a56b4c57d 28.698345041275026 0.9463321669101715 0.07415127217397094
235_a495bebb2ebd72f3dd7cb6e3ad90d3ea 22.320536026954652 0.91397656416893 0.07581020833924412
236_a54ce961d973443a0daf3e5400b95c 27.687807874679564 0.9590820977687836 0.04358575858734548
237_a583ea14f9da98936436916a86a90ed7 26.78523599624634 0.956145380973816 0.06325891616940499
238_a59c142ed6850a26ad4bd5fc1269475a 29.451076202392578 0.9596729171276093 0.059770800052210686
239_a720d17573022d9ac00fd1150223027 27.511053485870363 0.9582462484836578 0.05222667006403208
240_a750b467d629df3e2268f50ab9844c64 25.884310207366944 0.9470187072753906 0.08028289725631475
241_a886262ac3be5ca7c126a452758c84e7 25.307628087997436 0.9345361623764038 0.050689374186098576
242_aa41aa1837c809e1e12eceaa46673a5d 28.838435134887696 0.9605346510410309 0.06259045971371234
243_aadf8736528b0f46857652684714945f 23.106672797203064 0.9381649780273438 0.0763341952227056
244_ac482136fc30fd5ad8f405c5ec4e8cb0 23.92782286643982 0.9227526786327362 0.10104080278798938
245_ae088f798f2c99c2927e12317acf49e7 24.761617450714112 0.9393482043743133 0.06616601765342056
246_ae9b244f9bee122ba35db63c2ad6fc71 57.14987201690674 0.9988688833713532 0.019393425640184432
247_aec393b8c73d3a8ae4bee94a37836d67 25.314591941833495 0.9359400811195373 0.07306992825865745
248_af60bafcdba34eab56de8db8652eec4e 22.380206007957458 0.9243906447887421 0.0728623810261488
249_af834c760bf3c75043f0e92e826556b8 22.318460063934324 0.9051736259460449 0.08126575265079737
250_affba519865b72fc2c95ae1829869305 23.610970125198364 0.9602541737556457 0.06375248033367098
251_b0810f509a3c4cf895cad68eb5eb0e38 25.25861741065979 0.9370899600982666 0.07956101839058101
252_b0a659083ec6e936ca92a4cdad802b45 23.470400819778444 0.933485999584198 0.08421055909991264
253_b48b8791a3b09753b8d3554bd033ee9b 23.181000618934632 0.9144511892795563 0.10222526666894555
254_b4ea44416a06834af200a72c9245aee7 21.673925132751464 0.9025716235637665 0.08231803005933762
255_b554614b14148e4ec0ed6ec757ca50f5 26.951490840911866 0.9429908645153046 0.10237264876812696
256_b6755cab505f437375cad724c63e222e 28.369075708389282 0.9601117820739746 0.06877905945852399
257_b76bdcfc277f54007f3efc94c2d31dc5 25.976555633544923 0.9412111105918884 0.0688204776160419
258_b87ae16029527cf3fa87597d91a3e9a2 18.527919130325316 0.8539178721904754 0.12385010745003819
259_b88a4c0cb2092fa52fa4ad29a1236d7 19.07165018558502 0.883298269033432 0.12180964216589928
260_b990ae1858bb82c133f84f942f9a2bf5 23.526727714538573 0.9273831872940064 0.07829961111024022
261_b9c0f9dbfb5a1c0f99684c8184952917 23.73252914428711 0.9139450986385346 0.1099120842218399
262_ba0c32b3feba49b0b40adee184c371d0 21.885656790733336 0.890182208776474 0.10013150422275066
263_ba817f535c2668081f757787330d376f 23.79164113044739 0.9095204284191132 0.10295329547673464
264_baa2f488ec67a0a7c66e38c3984e156f 27.775344285964966 0.9496528913974762 0.0686919114626944
265_baf3415a57e6f282b23c333ee1a445e 27.334492244720458 0.9519027068614959 0.0676121909096837
266_bbaef5a610b0b4d5368f3995546e59c8 27.352194175720214 0.9527981832027436 0.06292586516588926
267_bbca0e2391217de71e95a82bd2f5907a 25.160675134658813 0.9384111714363098 0.09294885729253292
268_bc533f9881b0775c3a0daf3e5400b95c 24.242753667831423 0.9283046853542328 0.07572670237720013
269_bc7ca9eec356ce21ad32396cbf7f43dc 25.878272895812987 0.9478641176223754 0.05129180636256933
270_bd6eb1dc7d16372651a95aaa6caba1d3 21.838402576446533 0.90191086769104 0.11512723549455404
271_c12424d1cb48ce0fd0a4f72b67c7f064 23.243501358032226 0.9276421444416046 0.0653512524329126
272_c2283d62367d637249b991141ee51d9a 23.853952951431275 0.9283449304103851 0.07613663344085217
273_c2d2eae7ef1a34e1f500cc506a763c18 24.54448652267456 0.935336632013321 0.06331103277951479
274_c683e8e57b20ceeab927782fc69a1fbb 22.719063491821288 0.9134780931472778 0.0896617565266788
275_c6dbb4874805a2c6c2998c73c3c35adb 24.36098931312561 0.9309339540004731 0.07864101084694267
276_c721c1e89e68e01fec4be884ee173bab 23.10655940055847 0.9066425435543061 0.08815185149013996
277_c7ce82b4b1e795b0cfd826dd468a5497 21.93369390964508 0.9133853662014008 0.07750347524881362
278_c8c51e709d1cdbe0673ddeabdcc8c6e 26.566862049102784 0.9523210034370423 0.07783270239084959
279_cab3b584786dda8c85c68dc758ce6c5 21.36894024372101 0.8955363740921021 0.11121017798036337
280_cc7dfb5ecdf370a178c14a9d99ecf91 22.895447759628297 0.9302646145820618 0.08651004152745008
281_ccc6b5ace9f5164d26068f53fe0ecf07 21.133884873390198 0.876412127494812 0.0908949395865202
282_cdd58286e3e428ec1fabf3cbd0fc77bc 20.416782174110413 0.8899054133892059 0.1236468068510294
283_cfb6c8867c6dd84c80e74058ee862f05 22.128311319351198 0.9386274285316467 0.08431620462238788
284_cfc8e5925bbec93de20af544ce47dd47 27.924252834320068 0.9555279409885407 0.06982452281564475
285_d07c8208ad9dc35780e74058ee862f05 25.53829390525818 0.9380765433311462 0.06693020994961262
286_d0a906517e0ec98589fc8cf5232ee9c 22.290552616119385 0.8887379429340363 0.11112382561340928
287_d13d0612c64c1c872457c273ba02ebf 28.28401204109192 0.963861447095871 0.05481892792880535
288_d18817af1a2591d751a95aaa6caba1d3 20.36945668697357 0.9022303977012635 0.11772093810886144
289_d1dcddb5b1d7404dd9b0c189eb588ce6 23.518491439819336 0.9274549622535706 0.07345944546163082
290_d4cec810b46292ff1f759e96682e340e 23.589319438934325 0.9277996873855591 0.06837290266901255
291_d5c4532a34ba10e6f9798a883006064f 24.69254860877991 0.9302067165374756 0.08929745237156748
292_d652c35de82c3f3141fd6622cb2ed89d 28.09439742088318 0.9441267709732055 0.05275581708550453
293_d76c9eb102316ac631a8860374e7eed 26.0997451877594 0.9399468874931336 0.0780600400082767
294_d8b50ce6cbfb56a4786993ccbbbff425 27.107120389938355 0.9469849081039429 0.06928525819443167
295_d91d378248a55e44d9cc84cf84983165 24.752565231323242 0.9231813600063324 0.08643946428224444
296_d967be366b99ac00bac978d4dc005d3 26.987701358795167 0.948150018453598 0.08960872901976108
297_d9867d92edba3d0cb96212c8f6cd06e 25.4430042552948 0.9489065713882446 0.07105611350014805
298_da34cb394fb3caa58dcad5127c74b8e0 28.908022232055664 0.957962474822998 0.06890035037323833
299_da82ba81a8fb0737d06f1bbd2acc051 22.301383047103883 0.8915770516395569 0.10117401918023824
300_db91e70ebe09d5edf446f92b52bbd82a 23.651970915794372 0.945563464641571 0.07067778203263879
301_dc2c49d8617d400daa44bfa127abe4bb 27.806954975128175 0.9464095091819763 0.07669999584183097
302_dd8b4530c7122fde6a8da1ee9004e891 23.778606214523315 0.9334359819889069 0.07803463995456696
303_dda0d7e01642f399d4118745f38eac76 26.465749282836914 0.9625861847400665 0.05688158671185374
304_ddd5e2bb26c82862b41ac95a0a9b3aa0 24.326050481796266 0.930551391839981 0.06764801260828972
305_df91db4ada9bad0f9c0cac0d72a31ff9 25.626025829315186 0.9314636657238007 0.07470289483852685
306_dfa6e60e478d5053705278f93079331 22.445901250839235 0.8936967856884003 0.09510120401903988
307_e128a506f2e29a6796cceb824e3c56b0 25.066747980117796 0.9394515981674194 0.05808706409484148
308_e14338cbdf53c0ae3a0daf3e5400b95c 29.25498249053955 0.9528077659606934 0.08460560557991266
309_e14a04dd31112dbcafe1d4530f4c6e24 24.082415466308593 0.9331941220760346 0.07594460769370198
310_e169584b7e66ef074051b6e037481c7 18.13729425430298 0.8791242723464966 0.10369146047532558
311_e2bdf01abc79a8d054b49557f8ea8b42 19.049332184791567 0.8642853362560272 0.14799689976871014
312_e337e9940356e866b82298c7ee2fcc7 24.969807300567627 0.9460679705142975 0.06402967935614289
313_e4b5734836d9519aa8a84951596cc1 29.522612895965576 0.965875372171402 0.044542375629767775
314_e4d396067b97f3676dd84bc138e22252 22.351253213882448 0.9413827495574951 0.06166707782261074
315_e54eb2674d6b3e241e351ee0a9db4268 25.366995391845702 0.9372485408782959 0.07247367055341601
316_e6581335186f5f6d8f01b3789ded1e40 22.732890434265137 0.9002771205902099 0.10195814318954945
317_e67509fb6192be6a7e7e5ea49ad8e45 25.823528060913088 0.940201280117035 0.07468545176833868
318_e6e932a5d92d62251d15f502e679d4c 26.36879285812378 0.931923324584961 0.08064470522850752
319_e717bcb56d012a48b1bb46d2556ba67d 24.319676141738892 0.9342208144664764 0.07996163877472282
320_e95d4b7aa9617eb05c58fd6a60e080a 21.265669684410096 0.8795176985263824 0.11151745453476906
321_e9738c96c8ffbdfdeae19b6e682da29 21.425296077728273 0.9118106553554535 0.08433277964219452
322_e98955e5d46a492c036e20efe5e5ca8 25.955966215133667 0.9436103565692902 0.08330537245050072
323_e999dfb757ddca4830e7f6cd6fb3f1b9 23.377052898406983 0.9112250919342041 0.08041945980489254
324_eaeabed4e984364868ebd0cfefbb61e9 23.509997844696045 0.9349924821853638 0.06265275210514665
325_eb40501934995e1a6560c47a91b4db1 21.404276394844054 0.9083476541042328 0.08860219504311681
326_ec469722be9d015c1ef32d215d1c8df5 30.038464193344115 0.9578000080585479 0.061257572069764135
327_ee0edec0ac0578082ea8e4c752a397ac 22.6928804063797 0.9104001276493072 0.08734895000234247
328_ef0703db8a04f8c0c0e3666c7d0ec7d0 27.139146451950072 0.9423263812065125 0.05211558603309095
329_effb7322805482465740f5f1a3b45938 28.61499813079834 0.9593330421447754 0.05759227558225393
330_f045547c7c6e5d0ae74479f4823fa2bd 23.448835163116456 0.9078459730148315 0.11030577729269862
331_f11d669c1c57a595cba0d757b1f2aa52 23.16364188194275 0.905780170917511 0.09744823800772429
332_f15ba529063317d241b8aedea2034739 27.106067066192626 0.9510145528316498 0.046138035638257864
333_f238821689b42db5d95840a0da458be0 29.50764486312866 0.9540497689247132 0.06252837989851832
334_f2b350b6c36eb73d1fac59b924f395d9 25.084480361938475 0.9228063316345215 0.10151276253536344
335_f3205edd456cf36feabc798aaf5f039f 25.449496126174928 0.9535265645980835 0.0681106372922659
336_f34c03711c3fc44ac10e9d4ee4bae4f4 23.840395889282227 0.919094841003418 0.08914931558072567
337_f414e36d6daba864d9bd5ae694086d5 21.22738145828247 0.9170878944396973 0.0956964765638113
338_f6e0b8a0746d36d74eb766e5a46fceab 27.586838703155518 0.9490697622299195 0.0777770860940218
339_f7b9529fb166ee56ac922d597da8f180 24.681605644226075 0.9305124802589416 0.07768017649650574
340_f81db986082fd0562ac826a3c82da491 22.3539710521698 0.9189536499977112 0.07395330129563808
341_f8885a2372b427f8f2626f7f7bd2296e 25.265290718078614 0.9411804094314575 0.06462197014689446
342_f8b92a0ea7f4705c9fec71e8f4aac226 25.133135824203492 0.9394562697410583 0.07257427940517663
343_f8c4bfc065e35555aa44bfa127abe4bb 24.552053842544556 0.9349852936267853 0.056148366061970593
344_fa997987367ed84ef15cbb7bb6511cb8 23.632121777534486 0.9174458339214325 0.09611353385448455
345_fb20b20452ef661f500cc506a763c18 25.64802303314209 0.935893755197525 0.08257387382537126
346_fc5d8e25052fb713f559279c88cd9a37 21.53109591960907 0.9063909037113189 0.10754091912508011
347_fc99fdfd71b5662a669a6bfc71569d 23.902142963409425 0.9219575200080872 0.08678718113526702
348_fcbf9e1dd55ab172ce27281f3b76d1f5 25.58650067329407 0.946535616159439 0.08922301861643792
349_fdf2a756a86b2946c427f8508e3d634b 24.287618350982665 0.9421054618358612 0.0761203847900033
350_ffbebc7c9a32a6f88ec8762dea278247 18.296013083457947 0.853740770816803 0.14096444100141525
351_ffbf897d9867fadff9a62a8acc9e8cfe 23.410183172225953 0.931310382604599 0.05935672701150179
