0_10555502fa7b3027283ffcfc40c29975 25.857221813201903 0.9429684822559357 0.046028124514967204
1_107699ca67fcdf3fea999fe4ffdc2504 25.850508918762205 0.9499941883087158 0.07801778183504939
2_1176dff7f0ec879719d740e0f6a9a113 23.723510780334472 0.9388966469764709 0.06126929272711277
3_12498dd65e8d65ac3b6f5204eb590354 20.809265279769896 0.8767253444194794 0.12137684797495604
4_129921679aaa3009e44df9b78a00d12c 24.125274062156677 0.9291727921962738 0.06611251840367913
5_12d463649ed6c176ab98a7077c964a60 23.823664789199828 0.9235469539165497 0.06065790008381009
6_137f67657cdc9da5f985cd98f7d73e9a 27.77889006614685 0.9499374346733094 0.06067286109179258
7_1399eab8ad7262eb7f3efc94c2d31dc5 26.56712646484375 0.9507888991832734 0.045964228203520176
8_13d0f68f32a86bdfe3857ce739e6606f 25.510819959640504 0.9346869697570801 0.07803825229033828
9_15e52e44cdcc80ed13ded1857c15b5b6 21.42638192176819 0.9497531135082244 0.11610235493630171
10_167ec61fc29df46460593c98e3e63028 22.58162766456604 0.9138684918880463 0.09592260806262493
11_1713a1ac8aedcc522b12ea83455b0f44 21.918360867500304 0.9137636921405792 0.10408239059150219
12_17f89c25a3142ee09d2b99af43da16b3 24.27100185394287 0.9160737497806549 0.07013365061208605
13_191f9cd970e5b0cc174ee7ebab9d8065 26.050987339019777 0.958114058971405 0.04959960918128491
14_1963641a15916c03709ce7955adef61b 24.40497838973999 0.9407118353843689 0.06468945831060409
15_1a0bc9ab92c915167ae33d942430658c 25.71492126464844 0.9379467740058899 0.07383071761578322
16_1ad321f067ffbe7e51a95aaa6caba1d3 21.361429553031922 0.9097050547599792 0.09132379836589098
17_1b2ef0809ca1abc7ca92a4cdad802b45 24.157262496948242 0.9368761398792267 0.07935308679565788
18_1bace29924c0ae42226fc3902f16303f 20.60220280647278 0.8729446094036102 0.12643824010342358
19_1c14ef4c48b7d95d61c6c61410fc904b 27.375776386260988 0.9393816850185395 0.08169076442345977
20_1e6e7bfb08b6b44d615949fb78ffe44f 19.452859616279603 0.8765252602100372 0.10916006641462445
21_1ec1c4aa9190e767da5421a736792418 22.408727531433104 0.9192913568019867 0.07281866675429047
22_1f37a6fbdf7c807e7d439639178556bc 27.78728536605835 0.9479473724365234 0.06148889732733369
23_1f7393970917e558b4a20251cec15600 27.01170931816101 0.9488843505382538 0.04713752242550254
24_1feaf720692bdacc27a1a7fdc1941283 27.117459030151366 0.95800665807724 0.05808697233349085
25_209c79dbd4f7ad944ee32d005103a21a 28.74265877723694 0.9467706117630005 0.06415286017209292
26_20e01ed9c14d4659e61b9ff60b1be412 22.171509528160094 0.9246807372570038 0.0785738080739975
27_2262d8b1d5fc79b67211919686015200 22.5766618347168 0.9207683970928192 0.07110495399683714
28_227ab69792241382acfaf62fe6ca656 26.211697607040406 0.9475623753070831 0.044706765823066236
29_22d57b895b9cd22137ca7da637f7c918 25.559121007919313 0.9531406538486481 0.048125957012176514
30_23e7ae83601f893b575116d39d0ffbba 27.15479781150818 0.9537717754840851 0.047121105076745155
31_23e8adb3bf1961f85332d3b92481b499 25.257098226547242 0.9343652758598328 0.06360053692013025
32_24819ffdc34b28efe4bee94a37836d67 27.23462427139282 0.9581283423900604 0.057895131412893534
33_24c0c6d558d4d01d8772618b7452025 26.72929328918457 0.9392919554710388 0.06307883792929352
34_24dc3903b254fe41b448bf2dc92c4fab 20.762416968345644 0.9123114175796508 0.08893496494367718
35_26c382bda051376daebb91b7dc4caa91 25.544541358947754 0.9497288994789124 0.06670270000584423
36_26d201a532879a60a7fd25564c2e888e 23.974395236968995 0.9213335127830505 0.08145237750187516
37_27495a8836ead3d55c5dd9508493909b 31.446723470687868 0.9696852571964264 0.04225022142380476
38_2b043f3cae45d4937cbc6cda01aaca49 26.00515842437744 0.9554864573478699 0.047281652599573135
39_2b075c9c5d85bc779c75e543b21e90a7 19.837246294021607 0.8965053374767303 0.09496613721735775
40_2bcdaa6516a98b552abd245afcc79403 28.314186267852783 0.9693503053188324 0.03915767917409539
41_2c1c8c4aee1e79d52aa494042b7c9db 23.93031343460083 0.9082002766132354 0.09664620128646494
42_2c304c54a6141d214ff3c6764341833 27.155679368972777 0.957811978340149 0.04246802909858525
43_2cc413c3ea9800b3cf1e58caa15acb49 22.91013502597809 0.916407916545868 0.08597814506478607
44_2d1adb247cc7a1e353da660a6567c5ff 26.68080732345581 0.9481996061801911 0.05479651441052556
45_2d41d907b7cb558db6f3ca49e992ad8 19.777464895248414 0.8746704704761505 0.12287265427410603
46_2e37013195d95f494470fce578e2b84c 27.042120904922484 0.9527758164405823 0.04514860602468252
47_2ef61a1083304211d27be7764701cfe 22.479138379096984 0.923724363565445 0.085888208668679
48_2faa3cff00d98abdf5274507f44ab711 22.585074887275695 0.9333790390491485 0.09312928166240454
49_2fe4a878e34bd3bab8013668e30e23b0 27.59882561683655 0.9514575631618499 0.04962420125305653
50_3026dc837dc5dd7a157e36ecb370d387 21.814448919296265 0.9133427495956421 0.09698945087194442
51_307e83044ed81f6c473f10e6caaeca56 25.53948015213013 0.9305229575634003 0.07246035405993462
52_30964e51b5218487577fbd27130e143 23.011164598464966 0.9279945695400238 0.07712257369793951
53_3129657917191e101f0d59cde6139796 25.687865562438965 0.9465379402637482 0.06313564862310886
54_3134927c492c39e241d7734b73edc062 26.037070903778076 0.9347092301845551 0.07713100620359183
55_31998170afc1a0b9d13bda570aea1f6d 26.8223756980896 0.9534664211273194 0.0488489643484354
56_34412b56217de1112b12ea83455b0f44 26.160581321716307 0.9365029006004334 0.05937182606942952
57_34762df3ff8961188bb11dbc05ffaa74 25.384863786697387 0.9361146407127381 0.05892009461857378
58_34b507c24d9eab7f7eaeab1f0c9120b7 31.307732887268067 0.9646055738925934 0.05128178708441555
59_350be6825c19fb14e0675251723e1e08 25.26635835647583 0.9351577663421631 0.06418322161957622
60_35155f8cacf6d72471fc7d1bbf34b979 25.962088079452514 0.9436424815654755 0.046283152412623166
61_358ddbe8b39125e9e81913b1de19c3f7 24.4014750957489 0.9427999529838562 0.07330338306725025
62_35de0d0cc71179dc1a98dff5b6c5dec6 25.33295762062073 0.9398752837181091 0.049522636368870734
63_36b23cc38786599285089a13cc567dbd 21.28995192050934 0.937320232629776 0.1603580305352807
64_37e781aa8ae8933a61c6c61410fc904b 26.47092345237732 0.9275106554031372 0.09690797879919409
65_3831ed7bc22100f7c3c8fbe62717803d 24.643948431015016 0.9200118615627288 0.06946690407022833
66_38334022b922a9d4e7540f431cab4686 24.475170879364015 0.9245920996665955 0.08397734788432717
67_38f403b915d950d3ce8f4a5eeb103d2 29.012212867736817 0.9473118658065796 0.06860021866485476
68_3a46c9b9e8b18d6a61c6c61410fc904b 21.422968220710754 0.9011867845058441 0.09232971893250942
69_3ac08e66bd7da4c35da01f298003d56 28.54336241722107 0.9551520857810974 0.07394696632400155
70_3b2e74068fee2458dd1e15301c83686f 29.890436973571777 0.9654193551540374 0.05050925642438233
71_3c02c18d64d3f13b8c988ea512260358 27.789434013366698 0.9549995958805084 0.050523238286376
72_3c103561d9a29ae7ddacb20b6a591772 23.41034474849701 0.9069003374576569 0.10640400648117065
73_3d6e798bed67ab81f00cd8c386c592fe 22.174237852096557 0.9216620440483093 0.06611041778884828
74_3dd52c850785a6ebbaf1745483a8b34a 27.330479831695556 0.9530431458950043 0.05042576410993933
75_3ddda21d4496fbc693680c5a9a367b4a 26.241255149841308 0.9459050843715667 0.04799891103245318
76_3ed487192c098a36811090af72684c2a 24.350308456420898 0.9191385123729706 0.09327095383405686
77_3ef041182cc1d037a9d3767c58267708 25.058264923095702 0.9307630424499511 0.07628111211955547
78_3efdb762f2663a014c9dc258dd1682ab 23.14800132751465 0.9362533965110779 0.07722373910993338
79_40e51788da97a9c7212ff4933c4abe56 20.026769332885742 0.854304215669632 0.13536240600794552
80_41d9a381c12ee3e2b7863a3a9a8d5d0d 27.284266033172607 0.9577918462753295 0.04672549011930823
81_420519a0f7390564f500cc506a763c18 24.678843727111815 0.9437202088832856 0.05392749898508191
82_42ca4f6a7d7a39712a9eb0f146e94477 28.50238272666931 0.9588026611804962 0.06600282546132803
83_42eb287e220fd02c2e466666025c187 23.41264060020447 0.912206741809845 0.0631721712872386
84_431ca41fdf0897c628ccbb4eb8965b05 21.035914511680602 0.902899980545044 0.0807063786573708
85_43fc65dfe952a7f4cf6923c08156107b 26.363432321548462 0.9394195852279663 0.04451032480597496
86_44cc90939a67b72c71778fcae3da6f00 25.693514242172242 0.936765450000763 0.06322467542812228
87_468be6b80d1c7dd655ac255cda83e91 23.980270557403564 0.9192665264606475 0.07603458219207823
88_471673f3f062abd473f10e6caaeca56 25.635994100570677 0.9344967391490936 0.06513811017200351
89_472f62cb87c3f1606e04fb225ca92772 24.578500299453736 0.933550366640091 0.0625145948342979
90_477ffb061f40e10e148f8c864a546424 29.08516342163086 0.9610015594959259 0.04138413825631142
91_481c55b1fa36f6c7d834dead2eb68d68 23.801147389411927 0.9208685553073883 0.08975732028484344
92_48862b67f5932cd4473f10e6caaeca56 23.682868099212648 0.9266609013080597 0.06905092701688409
93_491653e537f1a701697b84068abf146c 25.08778148651123 0.9322336699962616 0.07594643182307481
94_49888b45d4bf55a530855e8db75dec30 31.51179552078247 0.9644957919120789 0.05345363112911582
95_49d6a631f23a324cde361784b4e1f04 28.80838207244873 0.9621894829273224 0.046093802824616434
96_49f3932e6fe0828951cc889a6330ab15 22.06740191936493 0.9221119441986084 0.07990303039550781
97_4c6aa3e7a8130295b528c0abff96f586 23.86792936325073 0.9333426868915558 0.08305895946733653
98_4dad98955a47e81a8b3877a62f2cbe1d 24.051861095428468 0.9100613837242126 0.0919747923836112
99_4dd97a6805c2797d18d95feceda870ca 27.791086530685426 0.9480864748954773 0.05824087682925165
100_4eb5ec5502561124875fb780d36841f 23.72302013874054 0.9352849752902984 0.06644542716443538
101_4eeac6360031021b8141ca5f94f1242d 22.8901532459259 0.9156545715332032 0.08056435162574052
102_4fcf76fa7f07a0008bb11dbc05ffaa74 25.332213497161867 0.9316598508358002 0.056935944505035876
103_5089b134ef31941edacf4de272c1e30 21.217797627449034 0.9098986322879792 0.0635275821853429
104_528c01214da6d4bca7fd25564c2e888e 25.146819229125978 0.9264169807434082 0.07705710257031023
105_52a988b361f6cefd685753e73124c6e8 23.925184478759764 0.9381912686824798 0.05587253967300057
106_52c589e86fd500cd4a42886683bb52d2 19.918023462295533 0.8788821036815644 0.10516125487536192
107_53507d1d09b3c2671cd97374110efb0a 23.781795263290405 0.9286473114490509 0.06519879753142595
108_545abd37dd50dad953536e7c905b301 26.467930030822753 0.9474355773925781 0.04835889480449259
109_56c056544a2fba1614d5081e13f5a1db 26.792887477874757 0.9380082046985626 0.07509525839984417
110_56cca58a4f37323bd0889537a7d54003 25.49919263839722 0.9562611575126648 0.053583530429750684
111_575ac5c53ab9fe21a26fdd1a1e470de9 23.81277379989624 0.9205130686759949 0.07306452475115657
112_57aa7560dcfecea81edf5a868fdffb8d 30.597972478866577 0.9733585031032562 0.0356690134704113
113_5801f9eb726b56448b9c28e7b121fdbc 18.5516055727005 0.8851889367103577 0.10544567036628723
114_58569e7feac27d3e5da8146fec888d45 23.07091863632202 0.9202897922992707 0.0797305091060698
115_5881807902ace2dc7d26edf2a8ffb68 25.080229587554932 0.929286208152771 0.07311996683105826
116_58d9741ad324623e9872e22d6b8eb647 23.99026960372925 0.9294097275733948 0.07539362260326743
117_58f447ce8de6b9794c40f34de8f3bdb8 24.99587414741516 0.93927947306633 0.06647035209462046
118_5a841a8269d3560d756e18912340de0e 23.969715852737426 0.9199253566265106 0.07083416500873864
119_5ad4cc3f8e191c61d31d4c555d4c5a0 24.144322528839112 0.9402361302375793 0.06162818048894406
120_5d2e6410d4fb760befdff89bf9a96890 28.139577045440674 0.9404123349189758 0.0698127679899335
121_5d385a0a87d0df4a51a95aaa6caba1d3 21.16214015483856 0.8946478457450867 0.097243289206177
122_5d8476a9aecbbe1e9ec9fbf723f60ac0 23.338292989730835 0.9200498385429382 0.0833595355078578
123_5dd97775bf24ffa2283aaea3c1a7dc36 24.447869148254394 0.9254779040813446 0.07133328899368643
124_5dde5594b4e9e86ce60ff101126e254 16.83202940940857 0.8497021329402924 0.10775140049308539
125_5e4a1ac9bdce2766473f10e6caaeca56 25.16472682952881 0.9340206983089447 0.06288662199676037
126_5e857724d62912969acee38782dd9680 25.988420801162718 0.9262750658988953 0.08298598746955395
127_5ea6bb423b1600141d225d751745cd28 22.86423481464386 0.9230173170566559 0.08570308477804064
128_5f32aca282eb9167ff1370452e3a0154 23.60806671142578 0.9257169418334961 0.06410190173238516
129_5fe3753b18cb01ae1b581e1887fa67b 24.81753045082092 0.9370087018013 0.06164365143701434
130_6107486a14c40227665f0dfc9cc02b1 25.3200648021698 0.9413009667396546 0.06202627879567444
131_61645b21c344e22a65dc1e664bdf2e6b 20.946711769104002 0.891657764673233 0.11086742047592997
132_61bcc13c67a92542b6aab5f7ece0e6cd 22.248333196640015 0.905462411403656 0.0781954614892602
133_61c4db4cd886250f473f10e6caaeca56 25.592356433868407 0.9392684981822967 0.06351658636145294
134_61f4cd45f477fc7a48a1f672d5ac8560 26.944487323760985 0.9474020888805389 0.056040636263787746
135_6201a29763c2256a2bb5796f842ca661 26.618207902908324 0.9442806084156037 0.05043457351252437
136_6232fe1824a6d1775b72003cd427d0c1 27.51730167388916 0.9603013727664947 0.04162384497374296
137_62393db2dee065956e28ffc6e1f368fe 20.923813762664796 0.8756728067398071 0.11592493252828717
138_626a407fd0fa17d3aa1fca93ac59c77e 26.323507719039917 0.9250837216377258 0.08768730379641056
139_62a7e17ce83e2f9cc0ed6ec757ca50f5 23.731637601852416 0.9264349563121795 0.05996388071775437
140_63cc90709837d314a0b2db16370345f0 24.741105642318725 0.9248309195041656 0.07735011096298694
141_6482e3afc2664e32d30f2d8d219e111c 25.011024913787843 0.9439094169139862 0.08999375075474382
142_662cd6478fa3dd482d7d789814cae761 23.1488330078125 0.9205955953598023 0.07865270624309778
143_663bec87ecf2e0adad0e351bfd714e3b 26.33455943107605 0.945468206167221 0.04446196708083153
144_67e2e5470d27e605d3c820a40c219fa9 28.726108016967775 0.9658274276256561 0.04915901031345129
145_692001fd91d8328ef421855cd210fbe9 24.719261837005615 0.9419072442054749 0.07122613211348652
146_6942e70e574edda3c8831f15c6e487ac 19.874083552360535 0.8836048202514648 0.13524129871279
147_69492fdcd530eb3da6ce6972f601a2e9 18.35503830909729 0.8382815070152283 0.12084393350780011
148_6ae21b4b5aa92db4c79d3cf109867c13 20.515330882072448 0.8836899237632752 0.11696053416281939
149_6c22203e5ed35df9ca4aeb694e04f8df 24.263955698013305 0.9054586849212647 0.09843552006036044
150_6c50a9b8e01fbca27dfb1ee6a4b12bf8 25.76632441520691 0.9288971662521363 0.087691043689847
151_6c85bbbbbea160bd81bcd6355b440fd5 23.339025897979738 0.9345567963123321 0.0691927823163569
152_6d01a15517fcec07a546b0c1c6a4821 24.309024305343627 0.9338782074451446 0.06685198906436562
153_6ea4111bb47039b3d1de96b5c1ba002d 23.093769760131835 0.91742027926445 0.08619852092117071
154_6f793e0f29f6b0b4da82e7357e8ee170 21.426478357315062 0.8945728271007538 0.10005504000931978
155_706083fa2a8c2b50bc97decb713a2619 24.121303157806395 0.9296011078357697 0.08282939443737268
156_70cf106dd369bf3ac427f8508e3d634b 26.145852556228636 0.9434428472518921 0.05915690036863089
157_70d31e0100cab3fd77954285e7764e1b 22.694247312545777 0.9100105607509613 0.10261011657491326
158_72d1eb25d911b6d8913eef1194316fef 27.3680304813385 0.959160121679306 0.06242072913981974
159_72f6c3c3078ef567dfb1ee6a4b12bf8 28.82237219810486 0.9518433032035828 0.05567091649025679
160_7434c137695be0eaf691355a196da5f 23.15307848930359 0.9183315923213958 0.0724440506119281
161_744f3661d9030c059cc32a851e7d6f32 30.514071798324586 0.9580943086147309 0.046031344585120676
162_752d240eb33f328cbf95baecbc060806 26.83431142807007 0.9537828772068023 0.06314815028756857
163_77d884ef56bc97a8b7ddd670a53fb311 28.345080938339233 0.9567323405742645 0.06436270608380437
164_791885fd798b1981c1006ed55bc1a3fc 23.496572141647338 0.8952529695034027 0.1001708842664957
165_794fc3e07d3c5954514e3d96995c555d 26.302634439468385 0.9438117008209228 0.0658002555705607
166_79c9b9b6e2cb15a2dc1f7c6230f38f00 21.621389904022216 0.9311757678985596 0.07591759533062577
167_79d9cd9a0cc2184ffcc96966174e5650 22.312731490135192 0.9052572247982025 0.09506360783800483
168_79db6e5fa70b39467df67c910758dfc1 23.667340030670164 0.9452068953514099 0.0696316823400557
169_79febc9d103c4d1c247a5be450795511 24.843868913650514 0.9450307424068451 0.0728835022263229
170_7a0f252961e5bffad95840a0da458be0 30.29340319633484 0.961514187335968 0.04633769322931767
171_7a8f5c085be36a8052aa494042b7c9db 25.713014163970946 0.9322032759189606 0.0545892388895154
172_7aff83bed75b6778e5e8ebca62d4509c 21.619137077331544 0.9080187170505524 0.08211727421358228
173_7b74eb8f053aabe64eb766e5a46fceab 24.103572177886964 0.9404099807739258 0.06707815321721136
174_7d59691881b13cc5702956de1b65c053 27.509006481170655 0.9441898834705352 0.058346597446128724
175_7dda382210dd768680e74058ee862f05 25.08944416999817 0.9261466956138611 0.06604997925460339
176_7ee2193b072afa652935bed12a852dcf 25.287763442993164 0.9447797510623932 0.051307054480537774
177_7f701224ca471b2ab8013668e30e23b0 28.381622076034546 0.947375346660614 0.062394037008285524
178_7faf7e8c2f383eafca92a4cdad802b45 26.933109741210938 0.9418202800750732 0.0693321505561471
179_816f9a529bf7b14817d5c90faf553cc9 25.449897785186767 0.9543829977512359 0.0676433300562203
180_819b98c138192c88e5e79d9024e2fcae 25.246995611190798 0.9574580299854278 0.0765906333476305
181_8285dfa786cf25b2c29fde65e51f52cb 24.63476547718048 0.92352113032341 0.11264391132444143
182_82c224e707f63304acb3c21764457201 26.282290296554564 0.9393268015384674 0.049459589205682275
183_834c7e46dfe757b4d229396ef51d2d02 20.678161873817444 0.8987718486785888 0.0984500428494066
184_8361aa7ae1f7dcb582ea71649733f2a6 26.331715364456176 0.9518326680660247 0.04523390794545412
185_83e5b5a3f3aad942ed29cc2a32e4bbed 24.461875233650208 0.9160830502510071 0.08442537435516716
186_85914342038de6f160190e29962cb3e7 22.700851840972902 0.9075736639499664 0.09542154839634895
187_870086475e8af25bae57d337a2e5e53 23.470276679992676 0.9391396045684814 0.07394447197020054
188_87020c25b9166cf11d27be7764701cfe 22.702039098739625 0.9334928886890411 0.0810813379958272
189_8798825a3c68e5c7e0470509f60266ee 22.132334327697755 0.9238383626937866 0.07685656935349107
190_87ee241d3d0d1dda4ff3c6764341833 27.974363479614258 0.967554188966751 0.045835005955770614
191_88a814d2107f882d3d30c6f269d07627 21.407754483222963 0.9232601048946381 0.08733156485110521
192_8b722405131e569db927782fc69a1fbb 24.080358619689942 0.9288456106185913 0.055235299579799176
193_8b74a58c28cac774753d1d86ac1bdfce 23.455917024612425 0.9049668490886689 0.08553343443199993
194_8b8f4f12e5b142c016abce8cb03e7794 22.122383069992065 0.9409404497146606 0.08110487598180771
195_8c1b20c4c37dc679301fa882a9655049 21.172395315170288 0.9139170756340027 0.08004989181831479
196_8d14c94dd325400d93b973d059f27e65 24.405598554611206 0.9355722451210022 0.07918907513841987
197_8e39ba11949027ce14914b7641b2fd67 26.802739448547364 0.9470153057575226 0.05348274856433272
198_8e8da02ac0168a47ec5e3fe5c33367cf 28.510132808685302 0.9573327302932739 0.04771499789506197
199_8fedb0c03a49bddaa8c38723d07b122f 25.43093176841736 0.944851450920105 0.05757841327227652
200_9009d75263e350ffb3b0f00a15b90e0a 25.176962480545043 0.9479239933490753 0.061862708626314995
201_906e2e532b7156b612be63c74304797c 25.73982078552246 0.9317833144664764 0.07324396710842848
202_90902c72c195d3ce8256c497dfca7529 20.28900267601013 0.8629762060642242 0.12752771383523942
203_921f87f3d9a4cb8ddb37d391409760c4 27.62674789428711 0.9523451628684998 0.055825096614658835
204_9240401e750395b456fd4619a315629d 26.939729309082033 0.9418943939208985 0.06889192479103803
205_93357732c6306cb51673e1c313348a01 23.755997219085693 0.9243175146579743 0.062346646208316085
206_936eb7eec6b76e4b421c2195de5e56c4 25.998639249801634 0.938437132358551 0.06340844173356891
207_93a813f96365c108f217b9504689397 20.549714741706847 0.91047163271904 0.09072733426839114
208_93d49d2e5e4ab1b7ae33d942430658c 27.565779037475586 0.9549261579513549 0.04434889985620975
209_93f82393df6d4b7c315a637e839f5286 25.186030864715576 0.9343191483020783 0.07103026197478175
210_94b3689f899c8cfbd575863af568c85 29.393898668289186 0.9539739966392518 0.06061997830122709
211_95844f86f4f0a6b58a6cf8c6b92417f2 21.42487226486206 0.9108782157897949 0.0853299470692873
212_95ddaba8142bb8572b12ea83455b0f44 26.33314244270325 0.9502352361679077 0.0595829974450171
213_95ebb3fd80f885ad676f197a68a5168a 58.102287940979004 0.9989614825248718 0.014950954258441925
214_965e73db41af495941aeea95b863b1b3 23.484560890197756 0.9254455044269562 0.07447565054520965
215_9748063440a449ab3db642d8dff7fbe6 25.408097915649414 0.9262773637771606 0.0728495649471879
216_9807c1d0bcec85fcc3c0146ad3ea2d7d 27.627616119384765 0.9499010968208313 0.05059810119867325
217_98316f2e772d60587e5e3333f4cc9f83 23.938035078048706 0.9184045946598053 0.06642780812829732
218_98a4518ee8e706c94e84ac3ac08acdb2 19.50476047039032 0.8452767329216003 0.11803006810322404
219_98b30f0a29fe2a1ba7fd25564c2e888e 22.646278133392332 0.9141816065311432 0.07659102141484618
220_9a806af16e5a102786d01a5629641c74 24.379181432724 0.9316243057250977 0.06283584815636277
221_9abfdc63aa88be60733269057ed164db 26.50845530509949 0.9487055962085724 0.06422772183455527
222_9cabc9b21a7c5fcab02964031d37f87 23.73396556854248 0.9342503478527069 0.06618410851806403
223_9de10b4469cdc435afe1d4530f4c6e24 22.926648216247557 0.902150379896164 0.12880648706108333
224_9e4a79d30930cc2fcefa74f1d0bc6e6 22.367749242782594 0.9160414969921112 0.07851475000753999
225_9e6156aea0c7e60ff7d6fd2038bf9a11 27.739134864807127 0.9397416830062866 0.06038170457258821
226_9f5d5b655ebbbb9c4d31b03e74c723a3 23.143594398498536 0.9192894027233124 0.07460563234612345
227_9fda50a84e042ff1a7e7e5ea49ad8e45 23.349789485931396 0.9179604954719544 0.06745257686823607
228_a281de4b24f5500d4c40f34de8f3bdb8 22.7923530626297 0.9230958769321441 0.07349920054338872
229_a2fa0bfd39718f1688a610ac9b7aaa40 24.119333333969116 0.9366549360752106 0.06318791155330837
230_a34260b8cdb1ec95b63de680261b9e1b 24.985471572875976 0.9406732861995697 0.06601341236010194
231_a34dc1b89a52e2c92b12ea83455b0f44 26.607604646682738 0.9392356214523315 0.05518253347836435
232_a39ed639d1da66876d57cf36a7addb49 25.798308429718016 0.9481735463142396 0.050642435049638154
233_a3e8a28918af7b07e3857ce739e6606f 23.217135677337648 0.9306890482902527 0.09175889084860682
234_a49041daedac3ecf2fdea40a56b4c57d 29.068838558197022 0.9495022075176239 0.06158782296255231
235_a495bebb2ebd72f3dd7cb6e3ad90d3ea 22.24001573085785 0.9153999278545379 0.07043717196583747
236_a54ce961d973443a0daf3e5400b95c 27.986134939193725 0.962399703502655 0.03589967326261103
237_a583ea14f9da98936436916a86a90ed7 26.94830002784729 0.9578210678100586 0.05447951207123697
238_a59c142ed6850a26ad4bd5fc1269475a 29.2480428314209 0.958164954662323 0.05043345377780497
239_a720d17573022d9ac00fd1150223027 27.529897537231445 0.959109277009964 0.044160731881856916
240_a750b467d629df3e2268f50ab9844c64 26.101538372039794 0.9496111304759979 0.0668200783226639
241_a886262ac3be5ca7c126a452758c84e7 24.951131467819213 0.9345103986263276 0.04597040921449661
242_aa41aa1837c809e1e12eceaa46673a5d 28.89289168357849 0.9619486982822418 0.05209263591095805
243_aadf8736528b0f46857652684714945f 23.233163785934448 0.939284636259079 0.06810344979166985
244_ac482136fc30fd5ad8f405c5ec4e8cb0 23.74477114677429 0.91973251080513 0.08938239424303174
245_ae088f798f2c99c2927e12317acf49e7 24.76978497505188 0.9397422201633453 0.059301380001008513
246_ae9b244f9bee122ba35db63c2ad6fc71 54.90160341262818 0.9982528986930848 0.012696582313161344
247_aec393b8c73d3a8ae4bee94a37836d67 25.32605725288391 0.9373971619606019 0.0613991029150784
248_af60bafcdba34eab56de8db8652eec4e 22.050908212661742 0.923326027393341 0.0656024720184505
249_af834c760bf3c75043f0e92e826556b8 22.490735177993773 0.9109327178001404 0.07538069338351489
250_affba519865b72fc2c95ae1829869305 20.079389925003053 0.9438065359592438 0.10017251237109304
251_b0810f509a3c4cf895cad68eb5eb0e38 25.257552547454836 0.9372572057247162 0.07103708571381867
252_b0a659083ec6e936ca92a4cdad802b45 23.345687227249144 0.9325875740051269 0.07316242875531316
253_b48b8791a3b09753b8d3554bd033ee9b 22.987331733703613 0.9111265399456024 0.09607805925235152
254_b4ea44416a06834af200a72c9245aee7 21.645434150695802 0.9021945006847382 0.07765567061677575
255_b554614b14148e4ec0ed6ec757ca50f5 26.50035966873169 0.941030428647995 0.09389373859018088
256_b6755cab505f437375cad724c63e222e 28.817880458831787 0.9642770731449127 0.05780528526753187
257_b76bdcfc277f54007f3efc94c2d31dc5 25.9380544090271 0.941428122997284 0.060890122886747125
258_b87ae16029527cf3fa87597d91a3e9a2 19.311399278640746 0.8646742732524871 0.108431337043643
259_b88a4c0cb2092fa52fa4ad29a1236d7 19.034413785934447 0.8827464191913604 0.11382352029904723
260_b990ae1858bb82c133f84f942f9a2bf5 23.948596353530885 0.9308059432506561 0.06966954308375717
261_b9c0f9dbfb5a1c0f99684c8184952917 24.22111834526062 0.9241655821800232 0.09794005098193884
262_ba0c32b3feba49b0b40adee184c371d0 21.757314381599425 0.8899239022731781 0.0914593055024743
263_ba817f535c2668081f757787330d376f 23.32712146759033 0.9032237412929535 0.09486714091151953
264_baa2f488ec67a0a7c66e38c3984e156f 27.696078767776488 0.9491090912818909 0.05531886286661029
265_baf3415a57e6f282b23c333ee1a445e 27.639154424667357 0.9548580749034882 0.05521514011733234
266_bbaef5a610b0b4d5368f3995546e59c8 27.49740481376648 0.9525641367435456 0.05510565892979503
267_bbca0e2391217de71e95a82bd2f5907a 25.259759540557862 0.9397087607383728 0.08171140045672655
268_bc533f9881b0775c3a0daf3e5400b95c 24.24592504501343 0.9306142375469207 0.06898314766213298
269_bc7ca9eec356ce21ad32396cbf7f43dc 25.86081190109253 0.9494847047328949 0.04341195002198219
270_bd6eb1dc7d16372651a95aaa6caba1d3 21.74664267063141 0.9052161357402801 0.10700273893401027
271_c12424d1cb48ce0fd0a4f72b67c7f064 23.708885402679442 0.9347705848217011 0.055414156593382356
272_c2283d62367d637249b991141ee51d9a 23.81893319129944 0.9309045627117157 0.06818300212174654
273_c2d2eae7ef1a34e1f500cc506a763c18 24.437581520080567 0.935397047996521 0.057576966857537625
274_c683e8e57b20ceeab927782fc69a1fbb 22.724308252334595 0.9133852350711823 0.07950322499871254
275_c6dbb4874805a2c6c2998c73c3c35adb 24.307721939086914 0.931766480922699 0.07265569215267896
276_c721c1e89e68e01fec4be884ee173bab 23.07687349796295 0.9077349858283996 0.0800718407034874
277_c7ce82b4b1e795b0cfd826dd468a5497 22.17329704284668 0.9169962983131409 0.06887220880761742
278_c8c51e709d1cdbe0673ddeabdcc8c6e 26.599140176773073 0.9530916695594788 0.06766027284041047
279_cab3b584786dda8c85c68dc758ce6c5 21.57498824119568 0.8985085129737854 0.09937363536283374
280_cc7dfb5ecdf370a178c14a9d99ecf91 22.980188426971434 0.9302949695587158 0.07893316454440355
281_ccc6b5ace9f5164d26068f53fe0ecf07 21.071769127845766 0.8795875718593598 0.08588163761794568
282_cdd58286e3e428ec1fabf3cbd0fc77bc 20.43047884464264 0.8919731683731079 0.11224463000148535
283_cfb6c8867c6dd84c80e74058ee862f05 22.43038152694702 0.9405746011734009 0.07369518372789026
284_cfc8e5925bbec93de20af544ce47dd47 28.164815378189086 0.9580853698253632 0.06027480211481452
285_d07c8208ad9dc35780e74058ee862f05 25.54751643180847 0.9378542523384095 0.058230658683925865
286_d0a906517e0ec98589fc8cf5232ee9c 22.209145431518554 0.8875768373012543 0.10284543355926871
287_d13d0612c64c1c872457c273ba02ebf 28.00637396812439 0.9625504343509674 0.04770261565595865
288_d18817af1a2591d751a95aaa6caba1d3 20.70506618499756 0.9007294199466706 0.10965586026757955
289_d1dcddb5b1d7404dd9b0c189eb588ce6 23.89421051979065 0.931591160774231 0.06570213221386074
290_d4cec810b46292ff1f759e96682e340e 23.751948261260985 0.9309131867885589 0.063228636469692
291_d5c4532a34ba10e6f9798a883006064f 24.689526691436768 0.9284953231811524 0.08032175985909998
292_d652c35de82c3f3141fd6622cb2ed89d 28.137441091537475 0.9453000729084015 0.04473750728741288
293_d76c9eb102316ac631a8860374e7eed 26.07590313911438 0.939612114906311 0.06832486816495657
294_d8b50ce6cbfb56a4786993ccbbbff425 27.256539936065675 0.9469634494781494 0.05932268626615405
295_d91d378248a55e44d9cc84cf84983165 24.715717420578002 0.9258454728126526 0.0764147608242929
296_d967be366b99ac00bac978d4dc005d3 26.40682954788208 0.9450484635829925 0.09046867070347071
297_d9867d92edba3d0cb96212c8f6cd06e 25.19265591621399 0.9494498026371002 0.060256289817392825
298_da34cb394fb3caa58dcad5127c74b8e0 29.034117069244385 0.9591734871864319 0.060125808486714956
299_da82ba81a8fb0737d06f1bbd2acc051 22.457416620254516 0.895858775138855 0.08961559624969959
300_db91e70ebe09d5edf446f92b52bbd82a 23.772307991981506 0.9472360870838166 0.061881629168987276
301_dc2c49d8617d400daa44bfa127abe4bb 28.363768529891967 0.9517639899253845 0.06145687693729997
302_dd8b4530c7122fde6a8da1ee9004e891 23.67316195487976 0.9339257183074952 0.06933560725301505
303_dda0d7e01642f399d4118745f38eac76 26.3552023601532 0.9641826188564301 0.04713590784743428
304_ddd5e2bb26c82862b41ac95a0a9b3aa0 24.65897255897522 0.9348581461906433 0.061579189475625754
305_df91db4ada9bad0f9c0cac0d72a31ff9 25.99146276473999 0.9354575986862183 0.06280312482081353
306_dfa6e60e478d5053705278f93079331 22.447738933563233 0.8949941325187684 0.08738840262964367
307_e128a506f2e29a6796cceb824e3c56b0 25.134953479766846 0.9419536373615265 0.050350090101361274
308_e14338cbdf53c0ae3a0daf3e5400b95c 29.326073350906373 0.9549148826599121 0.07119392949342727
309_e14a04dd31112dbcafe1d4530f4c6e24 24.499878463745116 0.9377860872745514 0.06651945609785616
310_e169584b7e66ef074051b6e037481c7 17.64774948120117 0.8675791165828705 0.10098513547331095
311_e2bdf01abc79a8d054b49557f8ea8b42 18.666505160331727 0.861587749004364 0.13974594046920538
312_e337e9940356e866b82298c7ee2fcc7 25.26887300491333 0.949279218673706 0.055629747681319716
313_e4b5734836d9519aa8a84951596cc1 29.43067690849304 0.9666260046958923 0.03669596189446747
314_e4d396067b97f3676dd84bc138e22252 21.880230870246887 0.9380221877098084 0.06033993500471115
315_e54eb2674d6b3e241e351ee0a9db4268 25.066120595932006 0.9347504429817199 0.0669926316179335
316_e6581335186f5f6d8f01b3789ded1e40 23.176329307556152 0.9057554471492767 0.09137508577480913
317_e67509fb6192be6a7e7e5ea49ad8e45 25.804568576812745 0.9401271495819091 0.06523998161405326
318_e6e932a5d92d62251d15f502e679d4c 26.329498596191407 0.9321553049087524 0.06875624454766512
319_e717bcb56d012a48b1bb46d2556ba67d 24.154166793823244 0.9339527821540833 0.07119398069009185
320_e95d4b7aa9617eb05c58fd6a60e080a 21.077547478675843 0.8759924712181091 0.0998791592605412
321_e9738c96c8ffbdfdeae19b6e682da29 21.293091506958007 0.9129435954093933 0.08068310232460499
322_e98955e5d46a492c036e20efe5e5ca8 25.636911334991456 0.9420981214046479 0.07279444414004684
323_e999dfb757ddca4830e7f6cd6fb3f1b9 23.422143211364745 0.910751324892044 0.07382528699934482
324_eaeabed4e984364868ebd0cfefbb61e9 23.875844326019287 0.9372758777141571 0.05213682422041893
325_eb40501934995e1a6560c47a91b4db1 21.34017496585846 0.9108416593074798 0.08291386510431767
326_ec469722be9d015c1ef32d215d1c8df5 30.156692876815796 0.9591001074314117 0.05161209100112319
327_ee0edec0ac0578082ea8e4c752a397ac 22.794221873283387 0.9116663191318511 0.07975320000573993
328_ef0703db8a04f8c0c0e3666c7d0ec7d0 27.731723556518556 0.9472095804214478 0.04643185071833432
329_effb7322805482465740f5f1a3b45938 28.17570644378662 0.9580459930896759 0.04815862717106938
330_f045547c7c6e5d0ae74479f4823fa2bd 23.015237226486207 0.9039391069412231 0.10271460957452655
331_f11d669c1c57a595cba0d757b1f2aa52 23.25891808986664 0.9072674679756164 0.08836512203142047
332_f15ba529063317d241b8aedea2034739 27.490024118423463 0.9548245191574096 0.038021040350198744
333_f238821689b42db5d95840a0da458be0 29.328748416900634 0.9539762110710144 0.051953525679185986
334_f2b350b6c36eb73d1fac59b924f395d9 25.09035472869873 0.9251031782627106 0.09036877105012536
335_f3205edd456cf36feabc798aaf5f039f 25.546650495529175 0.9553482439517975 0.058415942437946795
336_f34c03711c3fc44ac10e9d4ee4bae4f4 23.771187143325804 0.9206924188137054 0.08011254069581628
337_f414e36d6daba864d9bd5ae694086d5 21.12368718624115 0.9162072722911835 0.0878666157051921
338_f6e0b8a0746d36d74eb766e5a46fceab 27.51695795059204 0.9489925796985627 0.0652579353377223
339_f7b9529fb166ee56ac922d597da8f180 24.72576901435852 0.9313445870876312 0.06704254991561175
340_f81db986082fd0562ac826a3c82da491 22.57494604110718 0.9240120644569397 0.06577487030997872
341_f8885a2372b427f8f2626f7f7bd2296e 25.402718591690064 0.9441006963253021 0.05453588419035077
342_f8b92a0ea7f4705c9fec71e8f4aac226 25.236360549926758 0.9417303574085235 0.0632820826433599
343_f8c4bfc065e35555aa44bfa127abe4bb 24.499813594818114 0.9349456074237823 0.05260521831549704
344_fa997987367ed84ef15cbb7bb6511cb8 23.655884156227113 0.9164986803531646 0.08843733937293291
345_fb20b20452ef661f500cc506a763c18 25.640611085891724 0.9361214532852172 0.07189927921444178
346_fc5d8e25052fb713f559279c88cd9a37 21.417521042823793 0.9058736040592194 0.10184829618036748
347_fc99fdfd71b5662a669a6bfc71569d 24.047327718734742 0.9239948079586029 0.0797787617649883
348_fcbf9e1dd55ab172ce27281f3b76d1f5 26.103171119689943 0.9488701817989349 0.08039411025121808
349_fdf2a756a86b2946c427f8508e3d634b 24.272867126464845 0.943474939584732 0.06709266013279558
350_ffbebc7c9a32a6f88ec8762dea278247 17.96372145652771 0.8521391866207123 0.13831695554405452
351_ffbf897d9867fadff9a62a8acc9e8cfe 23.410543718338012 0.9328170747756958 0.0544913116209209
