0_10555502fa7b3027283ffcfc40c29975 25.85492804527283 0.9429542496204376 0.04600528988800943
1_107699ca67fcdf3fea999fe4ffdc2504 25.81254325866699 0.9493022904396057 0.07826028531789779
2_1176dff7f0ec879719d740e0f6a9a113 23.73542242050171 0.9388484885692596 0.06112925500422716
3_12498dd65e8d65ac3b6f5204eb590354 20.80562710285187 0.8765350751876831 0.12110087142139674
4_129921679aaa3009e44df9b78a00d12c 24.10258474826813 0.9287714207172394 0.06623406069353223
5_12d463649ed6c176ab98a7077c964a60 23.83488429069519 0.9236222989559174 0.06057085001841187
6_137f67657cdc9da5f985cd98f7d73e9a 27.744225635528565 0.949592470407486 0.06067017380520701
7_1399eab8ad7262eb7f3efc94c2d31dc5 26.539073247909545 0.9506169743537903 0.046038172353059056
8_13d0f68f32a86bdfe3857ce739e6606f 25.352091579437257 0.9332526495456696 0.07816047307476401
9_15e52e44cdcc80ed13ded1857c15b5b6 21.665371422767638 0.9515290362834931 0.10765291101112962
10_167ec61fc29df46460593c98e3e63028 22.595432357788084 0.9139645273685455 0.09614618070423603
11_1713a1ac8aedcc522b12ea83455b0f44 21.91440330982208 0.913616159915924 0.1039153247922659
12_17f89c25a3142ee09d2b99af43da16b3 24.279384307861328 0.9161189212799072 0.07006419707834721
13_191f9cd970e5b0cc174ee7ebab9d8065 26.054712924957276 0.9580181772708893 0.049612906694412234
14_1963641a15916c03709ce7955adef61b 24.347344827651977 0.9402949965000152 0.0647380367666483
15_1a0bc9ab92c915167ae33d942430658c 25.719140939712524 0.9379713966846466 0.07367111271619797
16_1ad321f067ffbe7e51a95aaa6caba1d3 21.35188220500946 0.909759378194809 0.0912395120933652
17_1b2ef0809ca1abc7ca92a4cdad802b45 24.16643527030945 0.9369507863521576 0.07910853848233819
18_1bace29924c0ae42226fc3902f16303f 20.598043732643127 0.8727894766330719 0.12580317003279926
19_1c14ef4c48b7d95d61c6c61410fc904b 27.450057258605955 0.9392343173027039 0.08274508646130561
20_1e6e7bfb08b6b44d615949fb78ffe44f 19.423269982337953 0.8760646908283234 0.10925848931074142
21_1ec1c4aa9190e767da5421a736792418 22.468409423828124 0.9195839364528656 0.07252084842510521
22_1f37a6fbdf7c807e7d439639178556bc 27.739069833755494 0.9476025660037994 0.061528760090470314
23_1f7393970917e558b4a20251cec15600 27.006479635238648 0.948819920539856 0.04720092442817986
24_1feaf720692bdacc27a1a7fdc1941283 27.004583168029786 0.9571248400211334 0.05822854585945606
25_209c79dbd4f7ad944ee32d005103a21a 28.713025722503662 0.9466358366012573 0.06408993470668793
26_20e01ed9c14d4659e61b9ff60b1be412 22.181088633537293 0.9248913853168488 0.07844846000522375
27_2262d8b1d5fc79b67211919686015200 22.530714101791382 0.9204902884960174 0.07121614853292704
28_227ab69792241382acfaf62fe6ca656 26.19946578025818 0.9474502370357514 0.044583880852907896
29_22d57b895b9cd22137ca7da637f7c918 25.5482595539093 0.9530961365699768 0.04821483464539051
30_23e7ae83601f893b575116d39d0ffbba 27.156833953857422 0.9538104407787323 0.04702642916329205
31_23e8adb3bf1961f85332d3b92481b499 25.301284646987916 0.934677165031433 0.06349495241045952
32_24819ffdc34b28efe4bee94a37836d67 27.300688333511353 0.9584837622642517 0.05770717365294695
33_24c0c6d558d4d01d8772618b7452025 26.730510692596436 0.939167555809021 0.06303426040522754
34_24dc3903b254fe41b448bf2dc92c4fab 20.790643944740296 0.9127771239280701 0.08887981345877051
35_26c382bda051376daebb91b7dc4caa91 25.41295063972473 0.9489332723617554 0.06653322655893862
36_26d201a532879a60a7fd25564c2e888e 23.92937262535095 0.9209378590583801 0.08160018519684673
37_27495a8836ead3d55c5dd9508493909b 31.41889892578125 0.9694442276954651 0.04222001963667572
38_2b043f3cae45d4937cbc6cda01aaca49 25.994258956909178 0.9555671572685241 0.047224192950874565
39_2b075c9c5d85bc779c75e543b21e90a7 19.82709876060486 0.8964879643917084 0.09493058586493135
40_2bcdaa6516a98b552abd245afcc79403 28.351511373519898 0.9695178723335266 0.039079017324373126
41_2c1c8c4aee1e79d52aa494042b7c9db 23.893174486160277 0.9081406195163727 0.09760229849070311
42_2c304c54a6141d214ff3c6764341833 27.157759943008422 0.9578921132087708 0.04241223837994039
43_2cc413c3ea9800b3cf1e58caa15acb49 23.04062509059906 0.9170917100906372 0.08546316011622548
44_2d1adb247cc7a1e353da660a6567c5ff 26.68651560783386 0.9482749123573303 0.05473941468447447
45_2d41d907b7cb558db6f3ca49e992ad8 19.779412050247192 0.8748931188583374 0.12242634174227715
46_2e37013195d95f494470fce578e2b84c 27.082992906570436 0.9529274208545685 0.04513330932706595
47_2ef61a1083304211d27be7764701cfe 22.517006888389588 0.9240571949481964 0.08566143925487996
48_2faa3cff00d98abdf5274507f44ab711 22.63481294631958 0.9336704318523407 0.09264952365309
49_2fe4a878e34bd3bab8013668e30e23b0 27.58838454246521 0.9514424545764923 0.049635257100686433
50_3026dc837dc5dd7a157e36ecb370d387 21.808335371017456 0.9129874889850617 0.09716407310590149
51_307e83044ed81f6c473f10e6caaeca56 25.481760883331297 0.9301514878273011 0.0726228560488671
52_30964e51b5218487577fbd27130e143 23.017326021194457 0.9281431810855866 0.0769577082823962
53_3129657917191e101f0d59cde6139796 25.716866121292114 0.946799553155899 0.0629682717807591
54_3134927c492c39e241d7734b73edc062 26.052667989730836 0.934801157951355 0.07724545691534877
55_31998170afc1a0b9d13bda570aea1f6d 26.828572387695313 0.9535626137256622 0.04882149238139391
56_34412b56217de1112b12ea83455b0f44 26.176827726364134 0.936796513080597 0.05934855186380446
57_34762df3ff8961188bb11dbc05ffaa74 25.374872608184816 0.9360589389801025 0.05887308973632753
58_34b507c24d9eab7f7eaeab1f0c9120b7 31.30160891532898 0.9646833913326264 0.05121053756214678
59_350be6825c19fb14e0675251723e1e08 25.254298181533812 0.9350070514678955 0.06422375110164284
60_35155f8cacf6d72471fc7d1bbf34b979 25.96926347732544 0.943699853181839 0.04633613152615726
61_358ddbe8b39125e9e81913b1de19c3f7 24.429743232727052 0.9429071214199066 0.07358921659737826
62_35de0d0cc71179dc1a98dff5b6c5dec6 25.306094217300416 0.9396146988868713 0.04956149095669389
63_36b23cc38786599285089a13cc567dbd 21.298093252182007 0.9366206448078156 0.15987733041495084
64_37e781aa8ae8933a61c6c61410fc904b 26.446969928741456 0.9274770910739899 0.09717796398326754
65_3831ed7bc22100f7c3c8fbe62717803d 24.62969626426697 0.9200294585227966 0.06941841689869761
66_38334022b922a9d4e7540f431cab4686 24.496710424423217 0.9251521482467652 0.08381178250908852
67_38f403b915d950d3ce8f4a5eeb103d2 28.96066783905029 0.9470206758975983 0.06855076820030809
68_3a46c9b9e8b18d6a61c6c61410fc904b 21.430431656837463 0.9010891814231873 0.09228452519699931
69_3ac08e66bd7da4c35da01f298003d56 28.735348596572877 0.9558291354179382 0.07298088524863124
70_3b2e74068fee2458dd1e15301c83686f 29.901241188049315 0.965492240190506 0.05062037996575236
71_3c02c18d64d3f13b8c988ea512260358 27.76204055786133 0.95485187458992 0.05051567677780986
72_3c103561d9a29ae7ddacb20b6a591772 23.53652428150177 0.9070959165096283 0.10620778135582805
73_3d6e798bed67ab81f00cd8c386c592fe 22.19418375015259 0.9217642409801483 0.06606374669633806
74_3dd52c850785a6ebbaf1745483a8b34a 27.400209913253786 0.953662972688675 0.05019311933591962
75_3ddda21d4496fbc693680c5a9a367b4a 26.234096269607544 0.9458224911689759 0.0480509590562433
76_3ed487192c098a36811090af72684c2a 24.364628810882568 0.9192423086166381 0.09328768064454197
77_3ef041182cc1d037a9d3767c58267708 25.279804334640502 0.9331855883598328 0.07595108645409346
78_3efdb762f2663a014c9dc258dd1682ab 23.114464139938356 0.9360355784893036 0.0772398044988513
79_40e51788da97a9c7212ff4933c4abe56 20.03084038734436 0.8543965239524841 0.13529508774727583
80_41d9a381c12ee3e2b7863a3a9a8d5d0d 27.28491065979004 0.9577107059955597 0.046698196101933716
81_420519a0f7390564f500cc506a763c18 24.675447587966918 0.9436695194244384 0.05393618598207831
82_42ca4f6a7d7a39712a9eb0f146e94477 28.46290702819824 0.9584421417713165 0.06609920343011617
83_42eb287e220fd02c2e466666025c187 23.4357107257843 0.9124215602874756 0.06309709469228983
84_431ca41fdf0897c628ccbb4eb8965b05 20.895399799346922 0.9015036222934723 0.0818592964373529
85_43fc65dfe952a7f4cf6923c08156107b 26.343536977767943 0.9392458827495574 0.04442959518358111
86_44cc90939a67b72c71778fcae3da6f00 25.686249647140503 0.9368096661567687 0.06306692342460156
87_468be6b80d1c7dd655ac255cda83e91 23.901693096160887 0.9185691664218902 0.07610296434722841
88_471673f3f062abd473f10e6caaeca56 25.603467864990236 0.9341163408756256 0.06532417229935526
89_472f62cb87c3f1606e04fb225ca92772 24.54367977142334 0.9332994568347931 0.06246248512342572
90_477ffb061f40e10e148f8c864a546424 29.08787700653076 0.961011372089386 0.041254183243960144
91_481c55b1fa36f6c7d834dead2eb68d68 23.87825530529022 0.9213222918510438 0.08939452985674143
92_48862b67f5932cd4473f10e6caaeca56 23.69692364692688 0.9269144554138183 0.0690424209330231
93_491653e537f1a701697b84068abf146c 25.074084968566893 0.9321409678459167 0.07602378357201815
94_49888b45d4bf55a530855e8db75dec30 31.43900386810303 0.9639789249897003 0.0535569372177124
95_49d6a631f23a324cde361784b4e1f04 28.79466661453247 0.9621397061347962 0.046107569742947815
96_49f3932e6fe0828951cc889a6330ab15 22.074704661369324 0.922104040145874 0.0799610199443996
97_4c6aa3e7a8130295b528c0abff96f586 23.859833316802977 0.933266426563263 0.08302754431217908
98_4dad98955a47e81a8b3877a62f2cbe1d 24.07718473434448 0.9105588810443879 0.09157872880622744
99_4dd97a6805c2797d18d95feceda870ca 27.785300693511964 0.9480576424598693 0.05817663339152932
100_4eb5ec5502561124875fb780d36841f 23.637393798828125 0.9344309339523316 0.0666195691935718
101_4eeac6360031021b8141ca5f94f1242d 22.895223798751832 0.9158388357162476 0.08037382819876075
102_4fcf76fa7f07a0008bb11dbc05ffaa74 25.308013305664062 0.9314798808097839 0.05697820470482111
103_5089b134ef31941edacf4de272c1e30 21.327906875610353 0.9111181423664093 0.0633128489498049
104_528c01214da6d4bca7fd25564c2e888e 25.12717209815979 0.9262723200321198 0.07709697497449815
105_52a988b361f6cefd685753e73124c6e8 23.94305974960327 0.9383983945846558 0.05573021756857634
106_52c589e86fd500cd4a42886683bb52d2 19.81605354309082 0.8776084988117218 0.10591733531653881
107_53507d1d09b3c2671cd97374110efb0a 23.874922132492067 0.9298803162574768 0.06409442241862416
108_545abd37dd50dad953536e7c905b301 26.49936635971069 0.9475270662307739 0.04817743627540767
109_56c056544a2fba1614d5081e13f5a1db 26.840587520599364 0.9385171566009521 0.07481902858056128
110_56cca58a4f37323bd0889537a7d54003 25.45319285392761 0.9561810464859009 0.05366048781014979
111_575ac5c53ab9fe21a26fdd1a1e470de9 23.848988790512085 0.9209650094509125 0.07277006951346994
112_57aa7560dcfecea81edf5a868fdffb8d 30.518805084228514 0.9729364337921143 0.035738507937639954
113_5801f9eb726b56448b9c28e7b121fdbc 18.557151947021485 0.8854496378898621 0.1054604517929256
114_58569e7feac27d3e5da8146fec888d45 23.060533032417297 0.9203782494068146 0.07962101225368678
115_5881807902ace2dc7d26edf2a8ffb68 25.14288721084595 0.9308752293586731 0.07238478637486696
116_58d9741ad324623e9872e22d6b8eb647 23.934481105804444 0.9288049879074096 0.07553334379568696
117_58f447ce8de6b9794c40f34de8f3bdb8 24.99017177581787 0.939184775352478 0.06647296446561814
118_5a841a8269d3560d756e18912340de0e 23.968674116134643 0.9199313657283783 0.07089491212926805
119_5ad4cc3f8e191c61d31d4c555d4c5a0 24.148853540420532 0.9405057656764985 0.06152888775803149
120_5d2e6410d4fb760befdff89bf9a96890 28.129992647171022 0.940370958328247 0.0696882225126028
121_5d385a0a87d0df4a51a95aaa6caba1d3 21.15869113445282 0.8944454917907715 0.09758235521242023
122_5d8476a9aecbbe1e9ec9fbf723f60ac0 23.36550393104553 0.9203339972496033 0.08330376313254237
123_5dd97775bf24ffa2283aaea3c1a7dc36 24.443336372375487 0.9254030566215515 0.07137740486860275
124_5dde5594b4e9e86ce60ff101126e254 16.81112594604492 0.849316960811615 0.10786722856760025
125_5e4a1ac9bdce2766473f10e6caaeca56 25.14304083824158 0.9338485271930694 0.0630007610246539
126_5e857724d62912969acee38782dd9680 26.019775638580324 0.926571474313736 0.08296204842254519
127_5ea6bb423b1600141d225d751745cd28 22.84435291290283 0.9229842743873596 0.08578300423920154
128_5f32aca282eb9167ff1370452e3a0154 23.589604597091675 0.9255042057037354 0.06425985841453076
129_5fe3753b18cb01ae1b581e1887fa67b 24.834388370513917 0.937206535577774 0.06156617771089077
130_6107486a14c40227665f0dfc9cc02b1 25.331675815582276 0.941456369638443 0.06203979785554111
131_61645b21c344e22a65dc1e664bdf2e6b 20.996577100753782 0.8929499073028564 0.11024623857438565
132_61bcc13c67a92542b6aab5f7ece0e6cd 22.250208435058592 0.9055188388824463 0.07803970170766115
133_61c4db4cd886250f473f10e6caaeca56 25.566549892425538 0.9391094501018524 0.06382938010431827
134_61f4cd45f477fc7a48a1f672d5ac8560 26.99410280227661 0.9476805174350739 0.05583015869557857
135_6201a29763c2256a2bb5796f842ca661 26.615132532119752 0.9442330243587493 0.05047347084619105
136_6232fe1824a6d1775b72003cd427d0c1 27.520726346969603 0.9602798919677734 0.041577581617981196
137_62393db2dee065956e28ffc6e1f368fe 20.926829533576964 0.8757836599349975 0.1157839104756713
138_626a407fd0fa17d3aa1fca93ac59c77e 26.3295201587677 0.925524424791336 0.08741680224239826
139_62a7e17ce83e2f9cc0ed6ec757ca50f5 23.76927004814148 0.9268420629501343 0.059724091112613675
140_63cc90709837d314a0b2db16370345f0 24.722258825302124 0.9246329505443573 0.07724806461110711
141_6482e3afc2664e32d30f2d8d219e111c 25.03115234375 0.9443731741905212 0.089610763233155
142_662cd6478fa3dd482d7d789814cae761 23.153312883377076 0.920717572927475 0.07859862388856709
143_663bec87ecf2e0adad0e351bfd714e3b 26.328651876449584 0.9454105699062347 0.04436461846530437
144_67e2e5470d27e605d3c820a40c219fa9 28.716352796554567 0.9657982685565949 0.04907660221680999
145_692001fd91d8328ef421855cd210fbe9 24.71479335784912 0.9418294432163239 0.0713015794865787
146_6942e70e574edda3c8831f15c6e487ac 19.866698384284973 0.8833209083080292 0.13541385422646998
147_69492fdcd530eb3da6ce6972f601a2e9 18.362536692619322 0.8381127817630768 0.121271738845855
148_6ae21b4b5aa92db4c79d3cf109867c13 20.504324941635133 0.8836334805488586 0.11687007418274879
149_6c22203e5ed35df9ca4aeb694e04f8df 24.341624326705933 0.9065086758136749 0.09804226288944483
150_6c50a9b8e01fbca27dfb1ee6a4b12bf8 25.762368631362914 0.9289681875705719 0.08774939631670714
151_6c85bbbbbea160bd81bcd6355b440fd5 23.318771257400513 0.9343949072360992 0.06911420758813619
152_6d01a15517fcec07a546b0c1c6a4821 24.347062282562256 0.9341294798851013 0.06662563892453909
153_6ea4111bb47039b3d1de96b5c1ba002d 23.095820407867432 0.9174247930049896 0.08622183805331587
154_6f793e0f29f6b0b4da82e7357e8ee170 21.412688345909118 0.8946016440391541 0.10011951890587807
155_706083fa2a8c2b50bc97decb713a2619 24.153405361175537 0.9298832898139954 0.08269496546313167
156_70cf106dd369bf3ac427f8508e3d634b 26.19465760231018 0.9437878167629242 0.058901305820792914
157_70d31e0100cab3fd77954285e7764e1b 22.680701622962953 0.910070472240448 0.10256452217698098
158_72d1eb25d911b6d8913eef1194316fef 27.388161535263063 0.9592187175750733 0.06235877219960093
159_72f6c3c3078ef567dfb1ee6a4b12bf8 28.81334545135498 0.9518601434230805 0.055616663908585905
160_7434c137695be0eaf691355a196da5f 23.143944673538208 0.9181275916099548 0.07251086851954461
161_744f3661d9030c059cc32a851e7d6f32 30.594212350845336 0.9585198042392731 0.045831965316087006
162_752d240eb33f328cbf95baecbc060806 26.740281324386597 0.9529762840270997 0.06324154330044984
163_77d884ef56bc97a8b7ddd670a53fb311 28.372880096435548 0.9569479403495789 0.06407653331384063
164_791885fd798b1981c1006ed55bc1a3fc 23.509274816513063 0.8953920042514801 0.10009061106294394
165_794fc3e07d3c5954514e3d96995c555d 26.343255338668822 0.944216513633728 0.06575244902446865
166_79c9b9b6e2cb15a2dc1f7c6230f38f00 21.610319437980653 0.9307311995029449 0.07594790649786591
167_79d9cd9a0cc2184ffcc96966174e5650 22.303796558380128 0.9050371336936951 0.09532443403452635
168_79db6e5fa70b39467df67c910758dfc1 23.641329803466796 0.9450637748241425 0.06968404204398394
169_79febc9d103c4d1c247a5be450795511 24.83356578826904 0.9452960574626923 0.07272664019092917
170_7a0f252961e5bffad95840a0da458be0 30.278207778930664 0.9613673310279847 0.04645617111586034
171_7a8f5c085be36a8052aa494042b7c9db 25.693834829330445 0.9321247801780701 0.054515151675790546
172_7aff83bed75b6778e5e8ebca62d4509c 21.627163672447203 0.9079446370601654 0.08202228405699134
173_7b74eb8f053aabe64eb766e5a46fceab 24.07010256767273 0.9398139054775239 0.06721305675059557
174_7d59691881b13cc5702956de1b65c053 27.579549980163574 0.9445931859016419 0.057596384262666105
175_7dda382210dd768680e74058ee862f05 25.092661218643187 0.9260004568099975 0.0659789400883019
176_7ee2193b072afa652935bed12a852dcf 25.234490985870362 0.9445380470752716 0.051249716097489
177_7f701224ca471b2ab8013668e30e23b0 28.420111207962037 0.9473896534442902 0.062302674289792775
178_7faf7e8c2f383eafca92a4cdad802b45 26.937363739013673 0.9419530048370361 0.06940431675687432
179_816f9a529bf7b14817d5c90faf553cc9 25.773176927566528 0.9557801804542542 0.06694744258373976
180_819b98c138192c88e5e79d9024e2fcae 25.31598504066467 0.958155793428421 0.07608247373998166
181_8285dfa786cf25b2c29fde65e51f52cb 24.69933650970459 0.9242595932483673 0.1120811589807272
182_82c224e707f63304acb3c21764457201 26.295473470687867 0.9394015164375306 0.04934450005181134
183_834c7e46dfe757b4d229396ef51d2d02 20.664877877235412 0.8985309278964997 0.09860022972524166
184_8361aa7ae1f7dcb582ea71649733f2a6 26.356507501602174 0.9518919460773468 0.04529026190377772
185_83e5b5a3f3aad942ed29cc2a32e4bbed 24.479119758605957 0.9160506753921509 0.0843047070838511
186_85914342038de6f160190e29962cb3e7 22.723076190948486 0.9077862646579743 0.09517435890436172
187_870086475e8af25bae57d337a2e5e53 23.488789644241333 0.9394512820243835 0.07357053975015879
188_87020c25b9166cf11d27be7764701cfe 22.641820211410522 0.9325088522434235 0.08091424755007029
189_8798825a3c68e5c7e0470509f60266ee 22.14160284996033 0.9243758873939514 0.07665895459800959
190_87ee241d3d0d1dda4ff3c6764341833 27.957366046905516 0.9674063346385956 0.045835563579574225
191_88a814d2107f882d3d30c6f269d07627 21.40782011985779 0.9231479778289795 0.08757192608714104
192_8b722405131e569db927782fc69a1fbb 24.048676290512084 0.9287355244159698 0.05521204079687595
193_8b74a58c28cac774753d1d86ac1bdfce 23.47037865638733 0.9054876058101654 0.08508516991883516
194_8b8f4f12e5b142c016abce8cb03e7794 22.10531352043152 0.9409967522621154 0.08105278383195401
195_8c1b20c4c37dc679301fa882a9655049 21.154324808120727 0.9133153905868531 0.0796458598356694
196_8d14c94dd325400d93b973d059f27e65 24.408328332901 0.9356137297153473 0.07908857456222176
197_8e39ba11949027ce14914b7641b2fd67 26.770412826538085 0.9467751245498657 0.053495242495089766
198_8e8da02ac0168a47ec5e3fe5c33367cf 28.480514612197876 0.957148151397705 0.04771689634025097
199_8fedb0c03a49bddaa8c38723d07b122f 25.448148889541628 0.945012934923172 0.05776226779259741
200_9009d75263e350ffb3b0f00a15b90e0a 25.19507293701172 0.9480318927764892 0.061675088532269
201_906e2e532b7156b612be63c74304797c 25.742367448806764 0.9317363331317902 0.0733466567285359
202_90902c72c195d3ce8256c497dfca7529 20.33134541988373 0.8637235412597656 0.12748228931427003
203_921f87f3d9a4cb8ddb37d391409760c4 27.648091535568238 0.9525065910816193 0.055784090468659994
204_9240401e750395b456fd4619a315629d 26.928056516647338 0.9416937656402588 0.06893687918037177
205_93357732c6306cb51673e1c313348a01 23.797846765518187 0.924255750656128 0.0623608206063509
206_936eb7eec6b76e4b421c2195de5e56c4 26.04774621963501 0.9391445708274841 0.06307557130232454
207_93a813f96365c108f217b9504689397 20.57668829917908 0.9105816831588746 0.09050494032353162
208_93d49d2e5e4ab1b7ae33d942430658c 27.558975772857664 0.9548860864639283 0.044367629751563074
209_93f82393df6d4b7c315a637e839f5286 25.176785593032836 0.9342001445293426 0.0711142154969275
210_94b3689f899c8cfbd575863af568c85 29.41262571334839 0.9540384051799774 0.06059204142540693
211_95844f86f4f0a6b58a6cf8c6b92417f2 21.43311357498169 0.9108960807323456 0.08536639188975095
212_95ddaba8142bb8572b12ea83455b0f44 26.26267236709595 0.9495005242824555 0.060318492639809845
213_95ebb3fd80f885ad676f197a68a5168a 57.26078987121582 0.9988217654228211 0.014317365994676947
214_965e73db41af495941aeea95b863b1b3 23.508746566772462 0.9256730794906616 0.07422357620857656
215_9748063440a449ab3db642d8dff7fbe6 25.36900255203247 0.9258844497203826 0.07296191493794323
216_9807c1d0bcec85fcc3c0146ad3ea2d7d 27.64429967880249 0.9501004173755646 0.05051780048757792
217_98316f2e772d60587e5e3333f4cc9f83 23.934705142974853 0.9185840663909912 0.0663374587148428
218_98a4518ee8e706c94e84ac3ac08acdb2 19.52495620250702 0.8459947383403779 0.11761743074655533
219_98b30f0a29fe2a1ba7fd25564c2e888e 22.63842158317566 0.9140465021133423 0.07668833937309683
220_9a806af16e5a102786d01a5629641c74 24.381462631225585 0.931769366979599 0.06269002233445645
221_9abfdc63aa88be60733269057ed164db 26.39103144645691 0.9484433355331421 0.06413309477828442
222_9cabc9b21a7c5fcab02964031d37f87 23.729020137786865 0.9342974352836609 0.0662002489361912
223_9de10b4469cdc435afe1d4530f4c6e24 22.936271638870238 0.9022341380119324 0.1295695067420602
224_9e4a79d30930cc2fcefa74f1d0bc6e6 22.39187933921814 0.9159929125308991 0.07837185005098582
225_9e6156aea0c7e60ff7d6fd2038bf9a11 27.81617537498474 0.9410096693038941 0.059422122795134785
226_9f5d5b655ebbbb9c4d31b03e74c723a3 23.18645559310913 0.9199797163009643 0.07450610890425742
227_9fda50a84e042ff1a7e7e5ea49ad8e45 23.339551191329956 0.9177194335460663 0.067429911673069
228_a281de4b24f5500d4c40f34de8f3bdb8 22.841061067581176 0.9231750545501709 0.07359867098368704
229_a2fa0bfd39718f1688a610ac9b7aaa40 24.135109453201295 0.9367322700023651 0.06287675582617522
230_a34260b8cdb1ec95b63de680261b9e1b 25.008236198425294 0.9408842382431031 0.06615888903662562
231_a34dc1b89a52e2c92b12ea83455b0f44 26.57279755592346 0.9389386501312256 0.055293219549581406
232_a39ed639d1da66876d57cf36a7addb49 25.805866613388062 0.9483348007202148 0.050598215052858
233_a3e8a28918af7b07e3857ce739e6606f 23.178911895751952 0.9306874983310699 0.09142354163527489
234_a49041daedac3ecf2fdea40a56b4c57d 29.07310073852539 0.9494934849739075 0.061875246584415435
235_a495bebb2ebd72f3dd7cb6e3ad90d3ea 22.248657202720644 0.9154611890316009 0.07026329153776169
236_a54ce961d973443a0daf3e5400b95c 27.942760734558107 0.9622292807102203 0.03588395506516099
237_a583ea14f9da98936436916a86a90ed7 26.92874454498291 0.9577491917610168 0.054390616614371536
238_a59c142ed6850a26ad4bd5fc1269475a 29.281280632019044 0.9582616193294525 0.05039390625432134
239_a720d17573022d9ac00fd1150223027 27.53419919013977 0.9592120583057404 0.04403057837300003
240_a750b467d629df3e2268f50ab9844c64 26.064904222488405 0.9493637804985047 0.06700805428251624
241_a886262ac3be5ca7c126a452758c84e7 24.95587639808655 0.9345075354576111 0.045968347018584606
242_aa41aa1837c809e1e12eceaa46673a5d 28.87311128616333 0.9619259204864502 0.05195172084867954
243_aadf8736528b0f46857652684714945f 23.5017547416687 0.9411829798221588 0.06679756516963244
244_ac482136fc30fd5ad8f405c5ec4e8cb0 23.804333791732788 0.9209138190746308 0.08891472744941711
245_ae088f798f2c99c2927e12317acf49e7 24.79364854812622 0.9400053701400757 0.05910252590291202
246_ae9b244f9bee122ba35db63c2ad6fc71 55.63878795623779 0.9984898412227631 0.010535628746729343
247_aec393b8c73d3a8ae4bee94a37836d67 25.313969602584837 0.9374046964645386 0.06137103717215359
248_af60bafcdba34eab56de8db8652eec4e 22.032526593208313 0.9229947850704193 0.06588060796260833
249_af834c760bf3c75043f0e92e826556b8 22.491069803237917 0.9109344274997712 0.07545585563033819
250_affba519865b72fc2c95ae1829869305 21.6886412191391 0.9532083492279053 0.07292089399322868
251_b0810f509a3c4cf895cad68eb5eb0e38 25.290857620239258 0.9375130879878998 0.0709515286013484
252_b0a659083ec6e936ca92a4cdad802b45 23.38634111404419 0.9326961743831634 0.07311531004309654
253_b48b8791a3b09753b8d3554bd033ee9b 22.99088276386261 0.9113793115615845 0.09608185049518943
254_b4ea44416a06834af200a72c9245aee7 21.643468284606932 0.9022171194553376 0.07772538248822093
255_b554614b14148e4ec0ed6ec757ca50f5 26.536751852035522 0.9407045271396637 0.09376506480574608
256_b6755cab505f437375cad724c63e222e 28.829707584381104 0.96427881026268 0.05775315175019204
257_b76bdcfc277f54007f3efc94c2d31dc5 25.98671525001526 0.9418564195632935 0.060591108307242396
258_b87ae16029527cf3fa87597d91a3e9a2 19.159988136291503 0.8621585738658905 0.11025751359388232
259_b88a4c0cb2092fa52fa4ad29a1236d7 19.143080067634582 0.8837028872966767 0.11203483352996409
260_b990ae1858bb82c133f84f942f9a2bf5 23.961561365127565 0.930959796667099 0.06952457705512644
261_b9c0f9dbfb5a1c0f99684c8184952917 24.230455780029295 0.9243553426265717 0.09791915825754403
262_ba0c32b3feba49b0b40adee184c371d0 21.735312247276305 0.889691309928894 0.09180897460877896
263_ba817f535c2668081f757787330d376f 23.461533241271972 0.9052656681537629 0.09312214425951243
264_baa2f488ec67a0a7c66e38c3984e156f 27.697123222351074 0.9491494810581207 0.05532677514106035
265_baf3415a57e6f282b23c333ee1a445e 27.656502466201783 0.9548844666481018 0.055275065088644625
266_bbaef5a610b0b4d5368f3995546e59c8 27.478870153427124 0.9522524671554565 0.0552558862734586
267_bbca0e2391217de71e95a82bd2f5907a 25.199399280548096 0.9396331934928894 0.08198705001920462
268_bc533f9881b0775c3a0daf3e5400b95c 24.214366521835327 0.9304995014667511 0.0690712858401239
269_bc7ca9eec356ce21ad32396cbf7f43dc 25.854196882247926 0.9495524361133575 0.04334753847122192
270_bd6eb1dc7d16372651a95aaa6caba1d3 21.757932381629942 0.9054111402034759 0.10685114961117506
271_c12424d1cb48ce0fd0a4f72b67c7f064 23.68658616065979 0.9345993700027466 0.055396943617612125
272_c2283d62367d637249b991141ee51d9a 23.844564418792725 0.9311535117626191 0.06812903782725334
273_c2d2eae7ef1a34e1f500cc506a763c18 24.505782585144043 0.9362242860794068 0.056983251400291916
274_c683e8e57b20ceeab927782fc69a1fbb 22.78866855621338 0.9138549568653107 0.07897704523056745
275_c6dbb4874805a2c6c2998c73c3c35adb 24.31249137878418 0.9317262876033783 0.07268054436892271
276_c721c1e89e68e01fec4be884ee173bab 23.105270071029665 0.9080232465267182 0.08003561716899275
277_c7ce82b4b1e795b0cfd826dd468a5497 22.226833333969115 0.9174580492973328 0.068725636087358
278_c8c51e709d1cdbe0673ddeabdcc8c6e 26.586011953353882 0.9529645717144013 0.0674723124653101
279_cab3b584786dda8c85c68dc758ce6c5 21.586611647605896 0.8985039625167847 0.09933819282427431
280_cc7dfb5ecdf370a178c14a9d99ecf91 23.004862442016602 0.9304906866550445 0.0790066346116364
281_ccc6b5ace9f5164d26068f53fe0ecf07 21.05396035194397 0.8793035039901733 0.08583151787891984
282_cdd58286e3e428ec1fabf3cbd0fc77bc 20.50728796005249 0.8923897111415863 0.1122852921448648
283_cfb6c8867c6dd84c80e74058ee862f05 22.476863417625427 0.9409241592884063 0.07333016580343246
284_cfc8e5925bbec93de20af544ce47dd47 28.226750440597534 0.9588306658267974 0.05974595387652516
285_d07c8208ad9dc35780e74058ee862f05 25.5460302066803 0.9379566104412079 0.05818701509386301
286_d0a906517e0ec98589fc8cf5232ee9c 22.16849557876587 0.8871193668842315 0.1027607819288969
287_d13d0612c64c1c872457c273ba02ebf 27.98980841636658 0.9625548443794251 0.04779089227132499
288_d18817af1a2591d751a95aaa6caba1d3 20.62926995277405 0.8995681476593017 0.11017288863658906
289_d1dcddb5b1d7404dd9b0c189eb588ce6 23.864213619232178 0.9312751548290252 0.06582827788591385
290_d4cec810b46292ff1f759e96682e340e 23.744085454940794 0.9309068698883056 0.06328386281058192
291_d5c4532a34ba10e6f9798a883006064f 24.6734388256073 0.9284461724758148 0.08028413241915405
292_d652c35de82c3f3141fd6622cb2ed89d 28.144263439178467 0.9452713718414306 0.04478561339713633
293_d76c9eb102316ac631a8860374e7eed 26.100525302886965 0.939945899963379 0.0680248449370265
294_d8b50ce6cbfb56a4786993ccbbbff425 27.232015075683595 0.94684903383255 0.05930553015507758
295_d91d378248a55e44d9cc84cf84983165 24.75329140663147 0.926298794746399 0.07614160440862179
296_d967be366b99ac00bac978d4dc005d3 27.188006649017336 0.950130224943161 0.08166658758744598
297_d9867d92edba3d0cb96212c8f6cd06e 25.14343415260315 0.9490598316192627 0.060284789767116306
298_da34cb394fb3caa58dcad5127c74b8e0 29.044731674194335 0.9590467648506165 0.06013316063955426
299_da82ba81a8fb0737d06f1bbd2acc051 22.447990856170655 0.8956208949089051 0.09007152950018645
300_db91e70ebe09d5edf446f92b52bbd82a 23.835712447166443 0.9475209672451019 0.06160358494520187
301_dc2c49d8617d400daa44bfa127abe4bb 28.254860582351686 0.9510086987018586 0.06170753515511751
302_dd8b4530c7122fde6a8da1ee9004e891 23.635380268096924 0.9333002643585205 0.06943100906163455
303_dda0d7e01642f399d4118745f38eac76 26.35022152900696 0.9641497178077698 0.047189415005967024
304_ddd5e2bb26c82862b41ac95a0a9b3aa0 24.666742429733276 0.9348430762290955 0.061578574351966384
305_df91db4ada9bad0f9c0cac0d72a31ff9 26.010574865341187 0.9355369079113006 0.06263356641493738
306_dfa6e60e478d5053705278f93079331 22.445678758621217 0.8950542211532593 0.08767272203788161
307_e128a506f2e29a6796cceb824e3c56b0 25.139449253082276 0.9419816339015961 0.05034193902276456
308_e14338cbdf53c0ae3a0daf3e5400b95c 29.223944854736327 0.9541722466945648 0.07119198929145933
309_e14a04dd31112dbcafe1d4530f4c6e24 24.528337745666505 0.9380128493309021 0.06636291324719787
310_e169584b7e66ef074051b6e037481c7 17.655602040290834 0.8678888771533966 0.10089812972769141
311_e2bdf01abc79a8d054b49557f8ea8b42 18.630414218902587 0.8607960286140441 0.13989891178160907
312_e337e9940356e866b82298c7ee2fcc7 25.28432834625244 0.9493626902103424 0.05558667122758925
313_e4b5734836d9519aa8a84951596cc1 29.45107087135315 0.9667600667476655 0.036547371542081236
314_e4d396067b97f3676dd84bc138e22252 21.843708453178404 0.9375482251644135 0.06072985384427011
315_e54eb2674d6b3e241e351ee0a9db4268 25.076958045959472 0.9347133100032806 0.06727617261372507
316_e6581335186f5f6d8f01b3789ded1e40 23.200974569320678 0.9061391401290894 0.09108297958597542
317_e67509fb6192be6a7e7e5ea49ad8e45 25.76512402534485 0.9399280059337616 0.06536501729860902
318_e6e932a5d92d62251d15f502e679d4c 26.40624137878418 0.9326298117637635 0.06876430582255125
319_e717bcb56d012a48b1bb46d2556ba67d 24.16571699142456 0.9340824699401855 0.07142027620598673
320_e95d4b7aa9617eb05c58fd6a60e080a 21.144375643730164 0.8768000578880311 0.09988105894625186
321_e9738c96c8ffbdfdeae19b6e682da29 21.277704524993897 0.9129180953502655 0.08052180859446526
322_e98955e5d46a492c036e20efe5e5ca8 25.639977264404298 0.9419663517475129 0.07289018665626645
323_e999dfb757ddca4830e7f6cd6fb3f1b9 23.478788270950318 0.9113928775787353 0.07376738942414522
324_eaeabed4e984364868ebd0cfefbb61e9 23.826589784622193 0.937139451265335 0.0521251431517303
325_eb40501934995e1a6560c47a91b4db1 21.33733190059662 0.9108610553741455 0.08286822595074773
326_ec469722be9d015c1ef32d215d1c8df5 30.12861994743347 0.9588709876537324 0.051621341979131104
327_ee0edec0ac0578082ea8e4c752a397ac 22.761818404197694 0.9113660001754761 0.07995803024433554
328_ef0703db8a04f8c0c0e3666c7d0ec7d0 27.719138269424437 0.9471508994102478 0.04639228808134794
329_effb7322805482465740f5f1a3b45938 28.17588508605957 0.9580177221298217 0.048117956856265666
330_f045547c7c6e5d0ae74479f4823fa2bd 23.03850728034973 0.9041821746826172 0.10253448525816203
331_f11d669c1c57a595cba0d757b1f2aa52 23.248646726608275 0.9072729976177215 0.08843957167491316
332_f15ba529063317d241b8aedea2034739 27.47450538635254 0.9547697989940643 0.03807013477757573
333_f238821689b42db5d95840a0da458be0 29.311678829193117 0.9539429540634156 0.051915285743772986
334_f2b350b6c36eb73d1fac59b924f395d9 25.118189535140992 0.9253370192050934 0.08998411274328828
335_f3205edd456cf36feabc798aaf5f039f 25.758938694000243 0.9564615371227264 0.05777355323731899
336_f34c03711c3fc44ac10e9d4ee4bae4f4 23.760892820358276 0.9206475636959076 0.07984805101901293
337_f414e36d6daba864d9bd5ae694086d5 21.136291785240175 0.9162363226413727 0.08779972948133946
338_f6e0b8a0746d36d74eb766e5a46fceab 27.54660717010498 0.949315649986267 0.0652850241586566
339_f7b9529fb166ee56ac922d597da8f180 24.733486337661745 0.9316685011386872 0.06690257378295064
340_f81db986082fd0562ac826a3c82da491 22.562874841690064 0.9239242029190063 0.06580245535820722
341_f8885a2372b427f8f2626f7f7bd2296e 25.399248962402343 0.9440717170238495 0.054521143281832336
342_f8b92a0ea7f4705c9fec71e8f4aac226 25.220624494552613 0.9416087741851806 0.06331885824352503
343_f8c4bfc065e35555aa44bfa127abe4bb 24.511837558746336 0.9350344157218933 0.05249672959372401
344_fa997987367ed84ef15cbb7bb6511cb8 23.820909204483034 0.9196120059490204 0.08762614025175572
345_fb20b20452ef661f500cc506a763c18 25.682957859039306 0.9363213138580322 0.07179648844525217
346_fc5d8e25052fb713f559279c88cd9a37 21.419895238876343 0.9058791539669037 0.10171980345621705
347_fc99fdfd71b5662a669a6bfc71569d 24.026560459136963 0.9239441175460815 0.07964678538776934
348_fcbf9e1dd55ab172ce27281f3b76d1f5 26.12549973487854 0.9497143259048462 0.08008889403939247
349_fdf2a756a86b2946c427f8508e3d634b 24.2910222530365 0.9434881429672242 0.0672139463610947
350_ffbebc7c9a32a6f88ec8762dea278247 17.97314128398895 0.8526689150333404 0.13779331731051206
351_ffbf897d9867fadff9a62a8acc9e8cfe 23.399674644470213 0.932736810207367 0.054426771908998486
