0_10555502fa7b3027283ffcfc40c29975 25.744274682998658 0.9426356899738312 0.04256806585378945
1_107699ca67fcdf3fea999fe4ffdc2504 25.763931846618654 0.9483440713882446 0.07367667452991009
2_1176dff7f0ec879719d740e0f6a9a113 23.77434741973877 0.9393063418865204 0.0580183165371418
3_12498dd65e8d65ac3b6f5204eb590354 20.83982295036316 0.8767229380607605 0.11549721963703632
4_129921679aaa3009e44df9b78a00d12c 24.033822574615478 0.9284272618293762 0.06318674859404563
5_12d463649ed6c176ab98a7077c964a60 23.83897954940796 0.9241346838474274 0.05656307800486684
6_137f67657cdc9da5f985cd98f7d73e9a 27.717922306060792 0.9499318082332611 0.05662596954591572
7_1399eab8ad7262eb7f3efc94c2d31dc5 26.45485975265503 0.9505193717479706 0.04250499403849244
8_13d0f68f32a86bdfe3857ce739e6606f 25.25816431045532 0.9334682891368866 0.07179955491982401
9_15e52e44cdcc80ed13ded1857c15b5b6 20.267683935165405 0.9403351597785949 0.1348566360734403
10_167ec61fc29df46460593c98e3e63028 22.26018264770508 0.9121167576313018 0.09179310504347087
11_1713a1ac8aedcc522b12ea83455b0f44 21.898932514190673 0.9136638844013214 0.09884198156371712
12_17f89c25a3142ee09d2b99af43da16b3 24.097231798171997 0.9134693179130554 0.06545737690106035
13_191f9cd970e5b0cc174ee7ebab9d8065 25.95057222366333 0.9575970118045807 0.045647207513451575
14_1963641a15916c03709ce7955adef61b 24.445838432312012 0.9412078776359558 0.06013809445872903
15_1a0bc9ab92c915167ae33d942430658c 25.739993085861204 0.9382210509777069 0.06865132504701614
16_1ad321f067ffbe7e51a95aaa6caba1d3 21.34901288032532 0.9102529993057251 0.08692704232037067
17_1b2ef0809ca1abc7ca92a4cdad802b45 24.21588910102844 0.9374885723590851 0.07382491552829742
18_1bace29924c0ae42226fc3902f16303f 20.569428658485414 0.8709826843738556 0.11924832712858915
19_1c14ef4c48b7d95d61c6c61410fc904b 27.304931230545044 0.9380909111499787 0.07892469692975283
20_1e6e7bfb08b6b44d615949fb78ffe44f 19.372675256729124 0.8757419757843018 0.10467672727257013
21_1ec1c4aa9190e767da5421a736792418 22.512383260726928 0.9197776024341583 0.06866522494331002
22_1f37a6fbdf7c807e7d439639178556bc 27.61209810256958 0.9467844755649567 0.05789633594080806
23_1f7393970917e558b4a20251cec15600 27.084958238601686 0.9498030161857605 0.04343858490511775
24_1feaf720692bdacc27a1a7fdc1941283 27.049053049087526 0.9577063267230987 0.05402606198191643
25_209c79dbd4f7ad944ee32d005103a21a 28.634794397354128 0.9450758693218231 0.057783099379390475
26_20e01ed9c14d4659e61b9ff60b1be412 22.244719290733336 0.9266473481655121 0.07471355612576008
27_2262d8b1d5fc79b67211919686015200 22.50227113723755 0.9210731103420258 0.06834214865788818
28_227ab69792241382acfaf62fe6ca656 26.189423847198487 0.9478632092475892 0.04162839436158538
29_22d57b895b9cd22137ca7da637f7c918 25.752101011276245 0.9544150388240814 0.04444799315556884
30_23e7ae83601f893b575116d39d0ffbba 27.147631759643556 0.9542615582942963 0.04412268299795687
31_23e8adb3bf1961f85332d3b92481b499 25.216340942382814 0.9347168612480163 0.05946446702443063
32_24819ffdc34b28efe4bee94a37836d67 27.181809759140016 0.9580864448547364 0.05382197358086705
33_24c0c6d558d4d01d8772618b7452025 26.768227968215943 0.9398047115802765 0.058797360828146336
34_24dc3903b254fe41b448bf2dc92c4fab 20.886438279151918 0.9147655801773071 0.08260835259780287
35_26c382bda051376daebb91b7dc4caa91 25.346908044815063 0.9490763094425202 0.06232607316784561
36_26d201a532879a60a7fd25564c2e888e 23.711716480255127 0.9182829947471619 0.07829513850621879
37_27495a8836ead3d55c5dd9508493909b 31.53756778717041 0.970076824426651 0.03855181163921952
38_2b043f3cae45d4937cbc6cda01aaca49 25.7416708278656 0.9541804366111756 0.044264443174004554
39_2b075c9c5d85bc779c75e543b21e90a7 19.751271653175355 0.8957355201244355 0.09082128274440765
40_2bcdaa6516a98b552abd245afcc79403 28.396263313293456 0.970158982515335 0.036111933717504145
41_2c1c8c4aee1e79d52aa494042b7c9db 24.056581344604492 0.9108820896148682 0.09185939091444016
42_2c304c54a6141d214ff3c6764341833 27.110045585632324 0.9582786390781403 0.03878587083518505
43_2cc413c3ea9800b3cf1e58caa15acb49 23.150328884124757 0.9183438761234284 0.08138301936909556
44_2d1adb247cc7a1e353da660a6567c5ff 26.675300893783568 0.9484459881782532 0.05142925374954939
45_2d41d907b7cb558db6f3ca49e992ad8 19.71295624256134 0.8757295231819153 0.11684604989737273
46_2e37013195d95f494470fce578e2b84c 27.024812440872193 0.9530131652355194 0.041357817970216273
47_2ef61a1083304211d27be7764701cfe 22.523399510383605 0.9238913636207581 0.08031772584840656
48_2faa3cff00d98abdf5274507f44ab711 22.60816098690033 0.9337317371368408 0.08583234275504947
49_2fe4a878e34bd3bab8013668e30e23b0 27.524921913146972 0.9512112522125244 0.045688994230702516
50_3026dc837dc5dd7a157e36ecb370d387 21.826890053749086 0.9133537299633027 0.09309479389712215
51_307e83044ed81f6c473f10e6caaeca56 25.301678857803346 0.9294482021331787 0.07009230167418719
52_30964e51b5218487577fbd27130e143 22.92716281890869 0.9273013615608215 0.07269076937064528
53_3129657917191e101f0d59cde6139796 25.882571439743042 0.9470175499916077 0.05912504167482257
54_3134927c492c39e241d7734b73edc062 25.915603647232057 0.9339658908843994 0.07319927973300219
55_31998170afc1a0b9d13bda570aea1f6d 26.82165241241455 0.953484803199768 0.04512359806895256
56_34412b56217de1112b12ea83455b0f44 26.075521764755248 0.935418869972229 0.055601808113977316
57_34762df3ff8961188bb11dbc05ffaa74 25.49051796913147 0.9374105129241943 0.05528278708457947
58_34b507c24d9eab7f7eaeab1f0c9120b7 31.26350920677185 0.964084496974945 0.04637590583227575
59_350be6825c19fb14e0675251723e1e08 25.201554832458495 0.9351990890502929 0.06170337701588869
60_35155f8cacf6d72471fc7d1bbf34b979 25.871284198760986 0.9439498915672302 0.042078775515779855
61_358ddbe8b39125e9e81913b1de19c3f7 24.451008710861206 0.9428467893600464 0.06952896778285503
62_35de0d0cc71179dc1a98dff5b6c5dec6 25.29488374710083 0.9404237682819366 0.04648142658919096
63_36b23cc38786599285089a13cc567dbd 21.358353390693665 0.9361984405517578 0.16117550117522478
64_37e781aa8ae8933a61c6c61410fc904b 26.338692951202393 0.9269984066486359 0.0924154282361269
65_3831ed7bc22100f7c3c8fbe62717803d 24.561095743179322 0.9201365509033204 0.06473258060961962
66_38334022b922a9d4e7540f431cab4686 24.57287968635559 0.9279103696346283 0.07862429275736213
67_38f403b915d950d3ce8f4a5eeb103d2 28.92268388748169 0.9465539877414704 0.06314053504914045
68_3a46c9b9e8b18d6a61c6c61410fc904b 21.49549129486084 0.9020458052158355 0.08828274332359433
69_3ac08e66bd7da4c35da01f298003d56 28.74949047088623 0.9559032175540924 0.06812242027744651
70_3b2e74068fee2458dd1e15301c83686f 29.927511262893677 0.9656267499923706 0.04530090805329382
71_3c02c18d64d3f13b8c988ea512260358 27.791620407104492 0.955437762260437 0.04638447683304548
72_3c103561d9a29ae7ddacb20b6a591772 23.4954576253891 0.9072885317802429 0.10172165863215923
73_3d6e798bed67ab81f00cd8c386c592fe 22.096429538726806 0.9218127930164337 0.062321192795410756
74_3dd52c850785a6ebbaf1745483a8b34a 27.42710389137268 0.9546525774002075 0.04672431981191039
75_3ddda21d4496fbc693680c5a9a367b4a 26.376822299957276 0.9474561641216278 0.04440436300635338
76_3ed487192c098a36811090af72684c2a 24.53302894592285 0.9212049324512481 0.08567667793110013
77_3ef041182cc1d037a9d3767c58267708 25.178179121017457 0.9323842422962189 0.07077230663597583
78_3efdb762f2663a014c9dc258dd1682ab 23.199399976730348 0.9368010985851288 0.07291226055286824
79_40e51788da97a9c7212ff4933c4abe56 19.940010752677917 0.8525609138011933 0.13082502211630345
80_41d9a381c12ee3e2b7863a3a9a8d5d0d 27.238200426101685 0.9578137936592102 0.043085902055725454
81_420519a0f7390564f500cc506a763c18 24.838193769454957 0.9457238819599152 0.050250657873228195
82_42ca4f6a7d7a39712a9eb0f146e94477 28.50569931983948 0.9594933755397796 0.06175436980649829
83_42eb287e220fd02c2e466666025c187 23.366039810180663 0.9121651270389557 0.06059803657047451
84_431ca41fdf0897c628ccbb4eb8965b05 20.946066465377807 0.9025556976795197 0.07705939958244562
85_43fc65dfe952a7f4cf6923c08156107b 26.40205235481262 0.9403262333869934 0.04075621373578906
86_44cc90939a67b72c71778fcae3da6f00 25.75073112487793 0.9377910668849945 0.05868728891946375
87_468be6b80d1c7dd655ac255cda83e91 23.98177574157715 0.9188757801055908 0.07152605597488582
88_471673f3f062abd473f10e6caaeca56 25.623401012420654 0.9344348242282867 0.061739083860069516
89_472f62cb87c3f1606e04fb225ca92772 24.598866157531738 0.9340200462341308 0.05798566636256874
90_477ffb061f40e10e148f8c864a546424 29.11478971481323 0.9617618503570556 0.037474699251353744
91_481c55b1fa36f6c7d834dead2eb68d68 23.867373638153076 0.9211726684570313 0.08352277274802328
92_48862b67f5932cd4473f10e6caaeca56 23.773599634170534 0.9278819603919983 0.06542202924378217
93_491653e537f1a701697b84068abf146c 25.05110001564026 0.9321360523700715 0.07204302732273936
94_49888b45d4bf55a530855e8db75dec30 31.56493655204773 0.9648116750717163 0.04947522848471999
95_49d6a631f23a324cde361784b4e1f04 28.755371170043944 0.9619746680259704 0.04246045945212245
96_49f3932e6fe0828951cc889a6330ab15 22.088686442375185 0.922763082742691 0.07560440839827061
97_4c6aa3e7a8130295b528c0abff96f586 23.9245206451416 0.9339515798091889 0.07950670442543924
98_4dad98955a47e81a8b3877a62f2cbe1d 23.966472101211547 0.9096795783042908 0.08596592073887586
99_4dd97a6805c2797d18d95feceda870ca 27.743593873977662 0.9476337277889252 0.05464702443405986
100_4eb5ec5502561124875fb780d36841f 23.700581374168397 0.9353813185691834 0.061981983855366705
101_4eeac6360031021b8141ca5f94f1242d 22.797967748641966 0.9148799121379853 0.07632505793496966
102_4fcf76fa7f07a0008bb11dbc05ffaa74 25.438067502975464 0.9331828067302704 0.053037947494536636
103_5089b134ef31941edacf4de272c1e30 21.30120735168457 0.9105998423099518 0.06052404558844864
104_528c01214da6d4bca7fd25564c2e888e 25.047615509033204 0.9260176808834076 0.07394875853322447
105_52a988b361f6cefd685753e73124c6e8 23.96273741722107 0.938643595457077 0.051711501294747
106_52c589e86fd500cd4a42886683bb52d2 19.803645071983336 0.8764888894557953 0.10175924452394247
107_53507d1d09b3c2671cd97374110efb0a 23.8375151348114 0.9294219222068787 0.06092550632730127
108_545abd37dd50dad953536e7c905b301 26.475516967773437 0.9478761579990387 0.04502788312360644
109_56c056544a2fba1614d5081e13f5a1db 26.7661891078949 0.9384293613433838 0.07158145081996918
110_56cca58a4f37323bd0889537a7d54003 25.430488653182984 0.9562969071865082 0.04957377628237009
111_575ac5c53ab9fe21a26fdd1a1e470de9 24.042203464508056 0.9237547197341919 0.0668923571780324
112_57aa7560dcfecea81edf5a868fdffb8d 30.366709623336792 0.9723246591091156 0.03341888832114637
113_5801f9eb726b56448b9c28e7b121fdbc 18.517247877120973 0.8849630725383758 0.10192809956893324
114_58569e7feac27d3e5da8146fec888d45 23.044682126045227 0.9201017544269562 0.0759557806905359
115_5881807902ace2dc7d26edf2a8ffb68 25.039848918914796 0.930443656206131 0.06677157512679696
116_58d9741ad324623e9872e22d6b8eb647 23.928149757385253 0.9290536429882049 0.0713902533017099
117_58f447ce8de6b9794c40f34de8f3bdb8 24.807355060577393 0.9383580675125122 0.0636814813837409
118_5a841a8269d3560d756e18912340de0e 23.901430101394652 0.9197391028404236 0.06569921917282046
119_5ad4cc3f8e191c61d31d4c555d4c5a0 24.190627851486205 0.9414199497699738 0.057073051346465946
120_5d2e6410d4fb760befdff89bf9a96890 28.067630653381347 0.9402119495868683 0.06509577327407896
121_5d385a0a87d0df4a51a95aaa6caba1d3 21.17841557979584 0.8958985614776611 0.0917392623256892
122_5d8476a9aecbbe1e9ec9fbf723f60ac0 23.450332136154174 0.9235693621635437 0.078678990483284
123_5dd97775bf24ffa2283aaea3c1a7dc36 24.303419694900512 0.9241933922767639 0.06762983822450042
124_5dde5594b4e9e86ce60ff101126e254 16.8463511800766 0.8502185914516449 0.10408124316111207
125_5e4a1ac9bdce2766473f10e6caaeca56 25.103554182052612 0.9342400186061859 0.06012954383157194
126_5e857724d62912969acee38782dd9680 26.003211164474486 0.9266656484603882 0.07842145487479865
127_5ea6bb423b1600141d225d751745cd28 22.779856185913086 0.922475775718689 0.08162284487858415
128_5f32aca282eb9167ff1370452e3a0154 23.667801189422608 0.9266552536487579 0.06008737063780427
129_5fe3753b18cb01ae1b581e1887fa67b 24.78635440826416 0.9377243752479554 0.05781804488599301
130_6107486a14c40227665f0dfc9cc02b1 25.35070177078247 0.9421710376739502 0.05733035989105702
131_61645b21c344e22a65dc1e664bdf2e6b 20.881257472038268 0.8901034014225007 0.10691500065475702
132_61bcc13c67a92542b6aab5f7ece0e6cd 22.205451869964598 0.9057408766746521 0.07422703751549124
133_61c4db4cd886250f473f10e6caaeca56 25.52760789871216 0.9388374540805816 0.06115788911283016
134_61f4cd45f477fc7a48a1f672d5ac8560 26.85758708000183 0.9468256595134735 0.05142657639086246
135_6201a29763c2256a2bb5796f842ca661 26.694819297790527 0.9455001132488251 0.046611867886036634
136_6232fe1824a6d1775b72003cd427d0c1 27.508433723449706 0.9602349662780761 0.03857973419688642
137_62393db2dee065956e28ffc6e1f368fe 20.946281900405882 0.8758721005916595 0.11032853008434176
138_626a407fd0fa17d3aa1fca93ac59c77e 26.187389535903932 0.9247956204414368 0.08213994248583913
139_62a7e17ce83e2f9cc0ed6ec757ca50f5 23.795187253952026 0.9266892666816712 0.0560699811745435
140_63cc90709837d314a0b2db16370345f0 24.767053594589232 0.9254446127414704 0.0725507967248559
141_6482e3afc2664e32d30f2d8d219e111c 25.122006101608278 0.9456197180747986 0.08333169572986662
142_662cd6478fa3dd482d7d789814cae761 23.187970409393312 0.920904703617096 0.07409545745514333
143_663bec87ecf2e0adad0e351bfd714e3b 26.285609006881714 0.9456847667694092 0.04111384513229132
144_67e2e5470d27e605d3c820a40c219fa9 28.57546301841736 0.9651213800907135 0.04575654584541917
145_692001fd91d8328ef421855cd210fbe9 24.580066509246826 0.9397162213325501 0.06786587688699365
146_6942e70e574edda3c8831f15c6e487ac 19.89340507030487 0.8838918452262878 0.12817454102635384
147_69492fdcd530eb3da6ce6972f601a2e9 18.382004714012147 0.838704971075058 0.11555759366974235
148_6ae21b4b5aa92db4c79d3cf109867c13 20.416543660163878 0.8831643278598785 0.11233551181107759
149_6c22203e5ed35df9ca4aeb694e04f8df 23.86322985649109 0.9003081455230713 0.0937759313210845
150_6c50a9b8e01fbca27dfb1ee6a4b12bf8 25.807207946777343 0.9297980296611786 0.08170295146852732
151_6c85bbbbbea160bd81bcd6355b440fd5 23.210282678604127 0.9343882381916047 0.06641908603534102
152_6d01a15517fcec07a546b0c1c6a4821 24.425201568603516 0.9351596484184265 0.06296399188227951
153_6ea4111bb47039b3d1de96b5c1ba002d 23.025347986221313 0.916514300107956 0.08094550566002727
154_6f793e0f29f6b0b4da82e7357e8ee170 21.41489827632904 0.8947904772758484 0.09590721269324422
155_706083fa2a8c2b50bc97decb713a2619 23.979219398498536 0.9290297331809998 0.0787770450040698
156_70cf106dd369bf3ac427f8508e3d634b 26.248557538986205 0.944666377067566 0.05467371531575918
157_70d31e0100cab3fd77954285e7764e1b 22.68125214099884 0.9113656096458435 0.0975446806885302
158_72d1eb25d911b6d8913eef1194316fef 27.41192716598511 0.9594607012271881 0.05763590475358069
159_72f6c3c3078ef567dfb1ee6a4b12bf8 28.795757303237917 0.9515398049354553 0.05124807111360133
160_7434c137695be0eaf691355a196da5f 23.07236198425293 0.9179917628765106 0.06746264102309943
161_744f3661d9030c059cc32a851e7d6f32 30.44826157569885 0.9571578950881958 0.04334769524261355
162_752d240eb33f328cbf95baecbc060806 26.33464436531067 0.9494180853366851 0.06026520901173353
163_77d884ef56bc97a8b7ddd670a53fb311 28.355469245910644 0.9569811878204346 0.05945901603251696
164_791885fd798b1981c1006ed55bc1a3fc 23.51579436302185 0.89508340716362 0.09529425422474742
165_794fc3e07d3c5954514e3d96995c555d 26.355583047866823 0.9449187078475952 0.06132521959580481
166_79c9b9b6e2cb15a2dc1f7c6230f38f00 21.6460555934906 0.9310026996135712 0.07278962356038392
167_79d9cd9a0cc2184ffcc96966174e5650 22.264290194511414 0.9051618144512177 0.09009077277220785
168_79db6e5fa70b39467df67c910758dfc1 23.641647663116455 0.9451189734935761 0.0657195025589317
169_79febc9d103c4d1c247a5be450795511 24.730007696151734 0.944686651468277 0.06823755630105734
170_7a0f252961e5bffad95840a0da458be0 30.22351661682129 0.9610097115039825 0.042560784010216596
171_7a8f5c085be36a8052aa494042b7c9db 25.701014013290404 0.9324869894981385 0.05129780812002718
172_7aff83bed75b6778e5e8ebca62d4509c 21.643133673667908 0.9080723655223847 0.07804272343590855
173_7b74eb8f053aabe64eb766e5a46fceab 24.08586790084839 0.9401487069129943 0.06321183852478862
174_7d59691881b13cc5702956de1b65c053 27.62356644630432 0.9452926058769227 0.05389655950292945
175_7dda382210dd768680e74058ee862f05 25.086218366622926 0.9270696904659271 0.06224172001704573
176_7ee2193b072afa652935bed12a852dcf 25.239610567092896 0.9445873303413391 0.04681313919275999
177_7f701224ca471b2ab8013668e30e23b0 28.221570234298706 0.9461575655937194 0.05767133111320436
178_7faf7e8c2f383eafca92a4cdad802b45 26.872653379440308 0.9412804794311523 0.06439821011014282
179_816f9a529bf7b14817d5c90faf553cc9 26.15222661972046 0.9575436220169068 0.06107007474638522
180_819b98c138192c88e5e79d9024e2fcae 25.473827104568482 0.9589792909622192 0.07176041277125478
181_8285dfa786cf25b2c29fde65e51f52cb 24.66174029827118 0.9249626681804657 0.10525340024009347
292_d652c35de82c3f3141fd6622cb2ed89d 28.20193181037903 0.9463508124351502 0.04101496757380664
293_d76c9eb102316ac631a8860374e7eed 26.097462120056154 0.9401482439041138 0.062213722739368676
294_d8b50ce6cbfb56a4786993ccbbbff425 27.052032146453858 0.9463666143417359 0.05703907625749707
295_d91d378248a55e44d9cc84cf84983165 24.84638867378235 0.9271888372898102 0.07245532621070742
296_d967be366b99ac00bac978d4dc005d3 26.90687713623047 0.9482613308429718 0.08115869826823473
297_d9867d92edba3d0cb96212c8f6cd06e 25.02241639137268 0.9491139807701111 0.05671715201437473
298_da34cb394fb3caa58dcad5127c74b8e0 29.0188019657135 0.9594946467876434 0.05633125979080796
299_da82ba81a8fb0737d06f1bbd2acc051 22.322264471054076 0.8939184906482697 0.08567038376629353
300_db91e70ebe09d5edf446f92b52bbd82a 23.625151920318604 0.9462882113456726 0.058413354475051166
301_dc2c49d8617d400daa44bfa127abe4bb 28.24517406463623 0.9511289141178131 0.057366213094443085
302_dd8b4530c7122fde6a8da1ee9004e891 23.59696183204651 0.9320981690883636 0.06530877831950783
303_dda0d7e01642f399d4118745f38eac76 26.22557441711426 0.9641043927669525 0.044186889039352535
304_ddd5e2bb26c82862b41ac95a0a9b3aa0 24.521008615493773 0.9341114387512207 0.05895275924913585
305_df91db4ada9bad0f9c0cac0d72a31ff9 25.994839124679565 0.9357621393203736 0.05872614160738886
306_dfa6e60e478d5053705278f93079331 22.448261823654175 0.8952372586727142 0.08310377728939057
307_e128a506f2e29a6796cceb824e3c56b0 25.12562342643738 0.9425969123840332 0.04630590822175145
308_e14338cbdf53c0ae3a0daf3e5400b95c 29.153307685852052 0.9544755418300629 0.06614745002612471
309_e14a04dd31112dbcafe1d4530f4c6e24 24.592434377670287 0.9388901093006135 0.0621500893458724
310_e169584b7e66ef074051b6e037481c7 17.553709383010865 0.866678157567978 0.09879431911557914
311_e2bdf01abc79a8d054b49557f8ea8b42 18.69368378162384 0.8610828459262848 0.13404388769343495
312_e337e9940356e866b82298c7ee2fcc7 25.22671350479126 0.9494006271362305 0.05208375801891089
313_e4b5734836d9519aa8a84951596cc1 29.32416311264038 0.9664458615779876 0.033476618722081186
314_e4d396067b97f3676dd84bc138e22252 21.60414089679718 0.9356204099655151 0.06053271384164691
315_e54eb2674d6b3e241e351ee0a9db4268 25.20190926551819 0.9361663138866425 0.06085672829858959
316_e6581335186f5f6d8f01b3789ded1e40 22.930047082901 0.9021202847957611 0.08845744184032082
317_e67509fb6192be6a7e7e5ea49ad8e45 25.821785984039305 0.9409576840400696 0.060334389634430406
318_e6e932a5d92d62251d15f502e679d4c 26.28546769142151 0.9319456496238708 0.0634483527764678
319_e717bcb56d012a48b1bb46d2556ba67d 24.251587257385253 0.9344308958053589 0.0661692467853427
320_e95d4b7aa9617eb05c58fd6a60e080a 20.984376430511475 0.8751542346477509 0.09495043547824025
321_e9738c96c8ffbdfdeae19b6e682da29 21.285243148803712 0.9137056903839111 0.07604623454809188
322_e98955e5d46a492c036e20efe5e5ca8 25.680656967163085 0.9422833173274994 0.06710329200699926
323_e999dfb757ddca4830e7f6cd6fb3f1b9 23.397084369659424 0.9113107705116272 0.0692755042463541
324_eaeabed4e984364868ebd0cfefbb61e9 23.826197690963745 0.9369329030513763 0.049478825327008966
325_eb40501934995e1a6560c47a91b4db1 21.252022094726563 0.9097812309265136 0.08134788548573851
326_ec469722be9d015c1ef32d215d1c8df5 30.040568828582764 0.9580820591449738 0.048710289882496
327_ee0edec0ac0578082ea8e4c752a397ac 22.789638104438783 0.9119143166542053 0.07472599133104085
328_ef0703db8a04f8c0c0e3666c7d0ec7d0 27.72466378211975 0.94749107503891 0.04331759515032172
329_effb7322805482465740f5f1a3b45938 28.10874312400818 0.957257850408554 0.04452613390609622
330_f045547c7c6e5d0ae74479f4823fa2bd 23.00647078514099 0.9027813808917999 0.0962460453286767
331_f11d669c1c57a595cba0d757b1f2aa52 23.23359474658966 0.9066378276348114 0.08259839465841651
332_f15ba529063317d241b8aedea2034739 27.352337427139283 0.954293130159378 0.03548393943719566
333_f238821689b42db5d95840a0da458be0 29.184265422821046 0.9532307643890381 0.04894779378175736
334_f2b350b6c36eb73d1fac59b924f395d9 25.066408777236937 0.9250488934516907 0.0846884362027049
335_f3205edd456cf36feabc798aaf5f039f 25.730155305862425 0.9564470257759095 0.0531642333008349
336_f34c03711c3fc44ac10e9d4ee4bae4f4 23.71430233001709 0.9207163374423981 0.07482382223941386
337_f414e36d6daba864d9bd5ae694086d5 21.242523674964904 0.9169782109260559 0.08335271345824004
338_f6e0b8a0746d36d74eb766e5a46fceab 27.391586313247682 0.9483341228961945 0.059539422303438186
339_f7b9529fb166ee56ac922d597da8f180 24.48247763633728 0.929169574022293 0.06414791608974338
340_f81db986082fd0562ac826a3c82da491 22.451019744873047 0.9226216561794282 0.06362075732648373
341_f8885a2372b427f8f2626f7f7bd2296e 25.25016788482666 0.9431037101745605 0.051427346581593154
342_f8b92a0ea7f4705c9fec71e8f4aac226 25.22005570411682 0.9416976811885833 0.059666314907371995
343_f8c4bfc065e35555aa44bfa127abe4bb 24.58002257347107 0.9362811465263366 0.04888583256304264
344_fa997987367ed84ef15cbb7bb6511cb8 23.464673037528993 0.9166354846954345 0.08562402902543545
345_fb20b20452ef661f500cc506a763c18 25.68570026397705 0.936653626203537 0.06590889257751405
346_fc5d8e25052fb713f559279c88cd9a37 21.43152998447418 0.907096197605133 0.0945305943787098
347_fc99fdfd71b5662a669a6bfc71569d 24.035855951309205 0.9242837772369384 0.07551781732775271
348_fcbf9e1dd55ab172ce27281f3b76d1f5 26.098712453842165 0.9495062618255615 0.0758233541753143
349_fdf2a756a86b2946c427f8508e3d634b 24.116787147521972 0.9427489709854125 0.06316508033499121
350_ffbebc7c9a32a6f88ec8762dea278247 18.041684041023256 0.8548012437820435 0.13273844591528178
351_ffbf897d9867fadff9a62a8acc9e8cfe 23.343429775238036 0.9324796097278595 0.0517403121702373
