0_1079efee042629d4ce28f0f1b509eda 28.988155298233032 0.9607113738059998 0.04521275434456766
1_110ab054cfc351f46a2345809e2bb169 22.998743982315062 0.91056405377388 0.08558415030501783
2_1198255e3d20d2f323f3ca54768fe2ee 25.201249465942382 0.9172005662918091 0.06969069943763316
3_11a96098620b2ebac2f9fb5458a091d1 26.075339851379393 0.9406527347564697 0.06998920354805886
4_12243301d1c8148e33d7c9e122eec9b6 25.42251679420471 0.9457801632881164 0.06248973467946053
5_12410830e8a5067c69576518bd9bfe48 25.95009292602539 0.9340340700149536 0.10165361115708947
6_125a4780c2d5095d19454008aa267bf 25.537374267578127 0.9288889465332031 0.08618479151278734
7_12909f5d613953b8b3c9b3f81618206b 27.327373361587526 0.968529708147049 0.03945945833623409
8_12941cb870df79b9815337ac44abb964 26.269915618896484 0.9447026784420014 0.053829798884689806
9_12de9c37c83992c66392cc95e1b05a28 20.63842456817627 0.8851557755470276 0.10519604702293874
10_1328a95d69cefe32f200a72c9245aee7 23.188855781555176 0.9144926171302795 0.061907914163544776
11_144d0880f61d813ef7b860bd772a37 24.014603090286254 0.9230170545578003 0.0708986729197204
12_1523402e11400b75becf71e2e014ff6f 23.407110481262208 0.9230075688362122 0.05475455312989652
13_1552f1a6521bb54a4bb135bcd06914d 23.17298913002014 0.9115989315509796 0.1297275954261422
14_156d4748560997c9a848f24544821b25 28.48073715209961 0.948163994550705 0.05494343692064285
15_158a95b4da25aa1fa37f3fc191551700 26.44016652107239 0.9501864070892334 0.05465850293263793
16_15f605c6fffea827e7436c0fba14b4d2 18.743682408332823 0.8527653152942658 0.150582392513752
17_167a645149efed1fdca2ca2624f821d9 21.988799180984497 0.9201468532085418 0.08882604512944818
18_167df2c10c116eb5d61b6a34f3fd808c 28.9559032535553 0.9682524406909943 0.039483711009845136
19_1688bcda878d3b18afe717997470b28d 24.372060441970824 0.9275556604862213 0.04770750806108117
20_16ba461c0d7c8435dd141480e2c154d3 21.02558371067047 0.8605790946483612 0.12000923719257116
21_1710ff46ca275e171df27141dea8c9a 21.38125730037689 0.903515485048294 0.10183571042492985
22_1714b6e57c8c4983fb1aad5dae793ff4 26.964130401611328 0.9510279796123504 0.05376292491704226
23_174f1a421f652029d577c0ac53e96823 24.1421063709259 0.9166681118011475 0.07964717398583888
24_1790131f5f74b1ed973aff268eb6b00c 24.683644437789916 0.9318838393688202 0.08940725612640381
25_17926c1ef484b73e6758a098566bc94e 25.133111505508424 0.9429307000637055 0.04914554394036531
26_17bfc66c6bc0a99d68c415156b102065 22.993588342666627 0.9146619205474853 0.07892584876343609
27_188621bbfc7d9477ce27281f3b76d1f5 25.939127845764162 0.9333487803936005 0.07682870859652757
28_189c2b53ef76d02978a20fe14185667 28.13375503540039 0.9475661063194275 0.06344236527942121
29_189cffefcdd5cb071a126804ae24042 28.24869433403015 0.9591548805236816 0.04091336900088936
30_18da5e80080352be294d52e32dbd135b 20.783466987609863 0.860098296880722 0.13371646083146332
31_18f6df600df7341ab0bbc6f39febba97 20.031898655891418 0.867537567615509 0.09954755407944321
32_19042f5a90290859441c11ab4641b257 25.04277310371399 0.945437673330307 0.06572001190111042
33_192fdf42f5a2623d673ddeabdcc8c6e 24.665307292938234 0.9491382856369018 0.05886476892977953
34_19d35f3e0c0b402125ddb89f02fe6cc0 23.627648491859436 0.9267336642742157 0.05894042251631618
35_1a3782ae4bd711b66b418c7d9fedcaa9 25.30781746864319 0.9410218482017517 0.06838083177804948
36_1abeca7159db7ed9f200a72c9245aee7 25.162423343658446 0.944872900724411 0.06182961254194379
37_1ae184691a39e3d3e0e8bce75d28b114 25.466756801605225 0.915716992855072 0.07714221611618996
38_1ae530f49a914595b491214a0cc2380 26.15097964286804 0.9447937486171722 0.05302414988912642
39_1ae9732840a315afab2c2809513f396e 16.623245272636414 0.836570271730423 0.16884747345000506
40_1be075751d7cfbf9ee8e9bd690a19ec1 28.049473237991332 0.9456422300338745 0.05230289838090539
41_1cb102a066270f79db1230abb5fc0167 24.755274963378906 0.9271904921531677 0.09675909622013569
42_1cb95c00d3bf6a3a58dbdf2b5c6acfca 24.191309642791747 0.9312498576641083 0.08368826580420137
43_1cd4a2c1b3b4a9661487189ebf835715 20.51216211795807 0.8645450789928436 0.09651348887756467
44_1cf14b4004e1d2e22c6ce678c9114ba5 22.691190876960754 0.9001730206012726 0.12008921389654278
45_1d234607fafd576b6dede2eec861f76 26.71455247879028 0.9420766906738282 0.058737761152908206
46_1d82316d98f620513b86a9df4269733 27.976501092910766 0.95755543923378 0.05084564869850874
47_1d82451a55d19cdd711f9e3a79a13dcf 22.45006679058075 0.9097508296966553 0.11861705354601144
48_1e0ada2b1891ea39e79e3bf25d5c768e 22.834798469543458 0.9503121662139893 0.12333234987407923
49_1e3f494626a24badf35b4953d8add91f 26.28244550704956 0.935775589466095 0.0717945495005697
50_1e987cad6ca8a97a7a24dbc42a104ca8 24.114759006500243 0.9319677164554596 0.12270655972510576
51_1f191e0327ce54474cdd04162f008888 24.38557744026184 0.9397169063091279 0.049880053414031865
52_1f8aee726cbf44c23d27832ab9ea6d92 25.974870138168335 0.931965681552887 0.08104022346064449
53_20649c88556a7e7a113ef105f1affa3f 23.83078462123871 0.9315714113712311 0.04581636297889054
54_2131d5bcea38ce3a68bdb39538968e8e 25.288330841064454 0.9473360302448273 0.05160035170987248
55_2180046932174984a10cf495b6dc4ef 19.0249405002594 0.8556810617446899 0.1353917200639844
56_219a0021526791d18bb5c0bf5eec83fc 22.090809679031373 0.9025415506362915 0.09866189348697663
57_232a1bf61d6d80ffab0e638d7c0cfd7b 22.191575894355775 0.9248690156936645 0.05994789754971862
58_235392f8419bb5006a34aa94ca8a3355 21.755390181541443 0.8998963134288788 0.09362419442087412
59_2359486974efded33121f82ae456ac81 22.502091217041016 0.9243918368816376 0.06330367032811046
60_23bfcd49917919006a34aa94ca8a3355 24.83255027770996 0.948814537525177 0.05779109178856015
61_244a8476648bd073834daea73aa18748 25.538993034362793 0.9501930608749389 0.04748882214911282
62_247de29743ed24c5e61b9ff60b1be412 25.687555408477785 0.9327608873844146 0.05728748874552548
63_24866846d728484e1d1a964dea8a7aab 18.269443974494934 0.861748868227005 0.12382425226643681
64_259bf3c89b0b2152c1f18a2d53a6674a 26.679237604141235 0.9625581576824188 0.0654579003173858
65_25bd9f423333c691f606d4ef0b8dbe5b 20.113553919792174 0.8716510348320007 0.12626885153725742
66_25c292692638406620f29d4da2b76f7a 23.073720235824585 0.9132181136608124 0.08577149803936482
67_262a03114b8095856a1de667a28251e7 21.21631437778473 0.8882090353965759 0.1052082424722612
68_263e3ee9f0182cc48e35db9103756ad5 27.020494499206542 0.9542531287670135 0.04816365891695023
69_26569f96aa6c4ed880af23b535873bb9 25.197956352233888 0.9543396055698394 0.05020131545886397
70_265f0587e4018f7aff6fa400d1cc4c85 24.47098846912384 0.9262373461723328 0.113909473977983
71_26c2c91d8eb660ecbeaa545f7f633287 24.1604221534729 0.9250782053470612 0.057774649856612084
72_26cc3a9cc0c28174ae30cad08127b470 29.49542657852173 0.9455516653060914 0.06861092908680438
73_270b0846304e3d66bda733a39f84326d 29.098829345703123 0.9671999351978302 0.041557823967188594
74_27d42437168ccd7ddd75f724c0ccbe00 23.199043312072753 0.9204189825057983 0.05981187431514263
75_2830f11dbd7172222214ff09b39580e9 25.763148775100706 0.9346094596385955 0.08394168535247445
76_28b5cb11ead4c878fd988235de2147e 24.285957098007202 0.9293005907535553 0.06717399263381958
77_28bdade3806ef2f328044fe9244db50a 20.55756845474243 0.864583741903305 0.12021123528108
78_294331fc6c86a51ec805dfe4ca9f2fdb 24.242018966674806 0.9556069359779358 0.06483204948715865
79_2999f005f1eba724bda733a39f84326d 28.34352210044861 0.9527300589084625 0.0631145951859653
80_29e9a4beeaeea1becf71e2e014ff6f 26.82568254470825 0.9468809914588928 0.04773143314011395
81_29fc55965346a53733d7c9e122eec9b6 26.644767217636108 0.9410207471847534 0.09131470550596714
82_2a82a66ce6273dce601c8ebc794de3f4 24.38118721961975 0.921519119977951 0.08790458198264241
83_2a9b4308929f91a6e1007bcfcf09901 25.92815050125122 0.9467441010475158 0.05661119447648525
84_2acbb7959e6388236d068062d5d5809b 21.741543526649476 0.917095692396164 0.06614533541351557
85_2b9cebe9ceae3f79186bed5098d348af 24.906936388015747 0.9412773551940918 0.06106826858408749
86_2ba7ea78b9b6e2a6b420256a03f575c0 21.150876173973085 0.9229164047241211 0.10191688630729914
87_2c3a5d170774da5ae4a44d0583e1bb01 24.162001724243165 0.918641238451004 0.06810813953727483
88_2c407d592623011eda2ff65a113288d 26.505209217071535 0.9494233376979828 0.06553206213191151
89_2c6b14bcd5a5546d6a2992e9465c023b 23.916148090362547 0.9151412672996521 0.10809812968969346
90_2cb6de89f5b6e702b626f6a649199824 23.88834132194519 0.9233260521888733 0.047940266868099574
91_2cbcc226b4f952f29e1c4d21c8ecae7d 25.9307679271698 0.9496575517654419 0.049723132949322464
92_2ccaaa66525d7f095473e57e894e0ef5 24.20639825820923 0.9181485538482665 0.08159772488474847
93_2ccc8183090b97cb21a66e8dfcce514a 25.430058555603026 0.9496860680580139 0.04832896238379181
94_2fb155f2d36541b5e3bdba9430565083 24.85272437095642 0.933351592540741 0.05513994213752448
95_2fb5fe84c28b8b35cc02882a83047172 24.764303636550903 0.9510528266429901 0.07065512515231967
96_30ad4418703c8cd2f1da888faee23fa4 20.215234689712524 0.8920697448253632 0.07944515109434724
97_30c86c4764df9f795686045783681fbc 20.601455597877504 0.8918403644561768 0.09656138479709625
98_30f4617775480bcce27281f3b76d1f5 22.79517424583435 0.9084787929058075 0.08344812013767659
99_30feb9f00597aa2a3781057335c8a2e8 22.86177972316742 0.9088580768108367 0.09033741406351328
100_31055873d40dc262c7477eb29831a699 22.22967098236084 0.9020966124534607 0.08578632084652782
101_312cfe616ce515be5826faa473422ba6 27.298113613128663 0.9669284875392914 0.044968959871679544
102_31389308f2b032ddf09fb258eb4b1e60 25.230623064041136 0.9309061441421509 0.11664125826209784
103_318eaf9f125d8296541e8704b64e3884 25.701026697158813 0.9418842787742615 0.05144546297006309
104_323c9dc2a8911e146f2f07de403e98d8 24.80211489677429 0.9286015620231628 0.11339510261639953
105_32e6ee437b8fa3fb5e52943dcb52313c 23.953198308944703 0.9185397620201111 0.0633982834033668
106_33211aabfefa14603b05c2ad25b4380f 20.997652192115783 0.8920328023433686 0.10736375716328621
107_33395dcb83b43eee21e570d3da54bf9d 22.494003162384033 0.9253311400413513 0.08458387502282858
108_33f95e59143938ddb490a9cf145bf702 22.867954597473144 0.9348197219371795 0.04667819235660136
109_34211d29d94cbd52b7c4f0665aafbacd 25.652679357528687 0.9437649474143982 0.05411555115878582
110_346917af7c9659e3814085552234c955 25.490070638656615 0.9337966120243073 0.10041972658783198
111_3469d3ab2d353da43a3afd30f2e86bd7 28.343673553466797 0.9342552509307861 0.07699032712355255
112_3476290a1220338ffa975bcfd21f6dfb 24.694318714141847 0.9444385435581207 0.05191599965840578
113_34ab29cea66952f16f48edd113a40fce 24.77136070251465 0.9353756155967713 0.054876260355114934
114_3506955660641ce61d693e0a12bd4ff3 18.781283564567566 0.8971425912380219 0.08854483463987708
115_354c1c380911fd2f4fa6b747e2cb679 22.044564061164856 0.9413269639015198 0.049321938931941985
116_355e7a7bde7d43c1ace5721ccacba16 24.293318529129028 0.9395026650428772 0.05946681144461036
117_35d473527fa9bd8cbdb24a67dc08c308 25.119960222244263 0.9457104094028473 0.05904845438152552
118_35d8d94bdd379556a37f3fc191551700 29.571929607391358 0.9662876431941986 0.03641663432866335
119_35e4f3bca48aad294361eef216dfeaa6 25.22829751968384 0.9340138471126557 0.0633650141172111
120_35f6b9780e173878a8c38723d07b122f 27.163540449142456 0.9600551106929779 0.05504099708423019
121_36190ce6fe041e452d647b1c17442c93 25.057378482818603 0.9209412899017334 0.09343448377400637
122_36a5117c64d8ca6ca10cf495b6dc4ef 17.09851097583771 0.8261557190418244 0.17191126789152622
123_36c2770d00fdd0bdf1ee968c9039cc3 27.038768968582154 0.9601006979942321 0.04235418060608208
124_36cf21268838ce6011718baa6d4afc0b 24.02151481628418 0.9338703022003174 0.10841065792366862
125_37a75534a7a006ffbda733a39f84326d 23.831453313827513 0.921597928762436 0.07046666117198765
126_37ad66d0433beb633df8f4ac45647158 24.733328132629396 0.9315215895175933 0.06725638685561716
127_37c5ac3d5b34761add75f724c0ccbe00 22.425767498016356 0.917502475976944 0.05552308005467057
128_381332377d8aff57573c99f10261e25a 25.009331274032593 0.9353506104946137 0.1146299987733364
129_383f8d508b6f25f565d21723f535417 24.777317476272582 0.9277540359497071 0.11477593183144927
130_38e30aa86d7bd4e0574fbf5e869a42b6 23.16150203704834 0.9163451659679412 0.07518497761711478
131_38f9aa4c68327bec760191d847b7480 24.133882217407226 0.9353740737438202 0.05867476541176438
132_39201299cf83ec2577763486d77d1cb 26.423912801742553 0.9443563332557678 0.05352534857019782
133_39279457a4bc87285e717a211c863fc6 20.573637537956238 0.8938140268325806 0.09250374377891421
134_3980afb8f986988daf285e0d3f56d074 24.644622507095338 0.9495428102016449 0.06725452306494117
135_39cb477c0a03aa1c3ab1417a5ca1ff4 22.37703607082367 0.9013985950946808 0.0837720368988812
136_39d161909e94d99e61b9ff60b1be412 26.16945405960083 0.9589606697559356 0.07007446162030101
137_39ec376b0df877986483e7894702b192 27.009694156646727 0.9491159420013427 0.07175696041807532
138_3aa2614f69105d0f31780fdd33037c9d 25.733300533294678 0.9406615114212036 0.06133875070512295
139_3ab98667cabf774e3343f5fadc4a2136 15.416255440711975 0.8373073596954346 0.1246253153681755
140_3ac664a7486a0bdff200a72c9245aee7 23.13711040496826 0.9257450239658356 0.08331068865954876
141_3b41ffcb4bec60cc21a66e8dfcce514a 25.516602687835693 0.9452495861053467 0.04213537171296775
142_3b56b3bd4f874de23781057335c8a2e8 20.527866492271425 0.8842661669254303 0.1116581561230123
143_3bb3b6b85e4e42873680ae1a67758160 21.5585164642334 0.8993905940055847 0.07773052451014519
144_3c310afdf363201cefe5f291bc2f5fd0 18.44369415283203 0.8148352816104889 0.17074849866330624
145_3c685bf24a135262e88791d6267b8a1a 20.36834321498871 0.881631429195404 0.09667593854293227
146_3c6d7c6ce950917b3a93df79ef2b80ef 25.356224603652954 0.9586907334327698 0.04687937835045159
147_3ca3c91dae8d2cbdf56f8ea3d9016e55 24.220736579895018 0.9511796119213104 0.050956226848065854
148_3cad25b218e0cd506436916a86a90ed7 24.410230779647826 0.939495301246643 0.051149114165455103
149_3d0308da43d52e3ef56f8ea3d9016e55 23.299025201797484 0.9509475553035736 0.05707058127596974
150_3d2fbd9bfdfe08573a93df79ef2b80ef 25.971150608062743 0.949071085691452 0.048283217901363966
151_3d3a1207dac28b9340d2ba94749368ce 25.40611246109009 0.937510228395462 0.05419617157243192
152_3d85915d8726cc1845aa033a20004998 22.599349064826967 0.9282728328704833 0.06851389510929584
153_3dab4ef100f906c2bda733a39f84326d 29.582633590698244 0.9566078186035156 0.046328498419374226
154_3db034e1e5651f6e6a2345809e2bb169 27.540023431777954 0.9514474005699157 0.049049410386011
155_3e2c3cb4f4c65b9cde9d4070fcdfa604 26.07286485671997 0.9435186128616333 0.05529097256250679
156_3ea2b72ba08a2e8097df6383472cc5b6 19.337128272056578 0.8828941631317139 0.11007023322582245
157_3eb545f745d827752e4d5bd853781216 24.089337406158446 0.9211373822689056 0.07761565257050097
158_3ec7f0347638f7a891eea2fc80d4a25f 22.96313148498535 0.9006959054470062 0.08311099105328322
159_3ef7cfbc172840b2393bf61b30c528bb 23.75703447341919 0.922829609632492 0.07223938284814357
160_3f18c23d7628966848368c1a2f71c5f3 18.865619549751283 0.8773885869979858 0.08322646956518293
161_3ff887eaebf0bc7e9d2b99af43da16b3 24.460102491378784 0.9363183469772339 0.05992157628014684
162_405cb7dcad3d6f2f65af93d4326737fe 22.978992457389833 0.9185590512752533 0.07562284916825593
163_41a6deadd39b4c754d0f9a1ef5f184fe 26.5481173992157 0.9367188379764557 0.05919480064325035
164_420d1b7af7ceaad59ad3ae277a5ccc98 25.87339548110962 0.9442328066825867 0.08581050899066031
165_4235a8f0f7b92ebdbfea8bc24170a935 25.073250665664673 0.9371589734554291 0.06933112811669707
166_4270f4f3372a1b24546b7395fb17f97e 25.286018514633177 0.9433910245895386 0.06328519663773477
167_42e6ce03b361102ab86e0633bb69faea 27.626956901550294 0.965392757177353 0.047909123102203015
168_42f45d024ab3309eff673973a435017f 20.43249870300293 0.8866781587600708 0.11929388100653887
169_430941674faedcff6436916a86a90ed7 26.07872094154358 0.9624690382480622 0.05053665316849947
170_43319fbb378083669d5b1db3ffcc1210 23.915489501953125 0.9391926062107087 0.058030858006328345
171_4359a0878f823f5b96e24f86f1144c52 21.35248908996582 0.8948558266162873 0.07713353608548641
172_43874d4b5154b6a0e3a6d6259addf247 17.60552939414978 0.8333712606430054 0.17188205111771823
173_441d0b3f687e3721fed6082009db27d 18.338161153793337 0.8788685121536255 0.11591545852273702
174_4489a777dd90ebcce28605e174815eef 25.67301710128784 0.9398638281822205 0.036470858553424475
175_448efa9c287dac40a1523482d6af89d8 27.13887424468994 0.9530705301761627 0.04495124827697873
176_45189b11f0524a85e921d7ca67acd2a 23.828968925476076 0.9323114683628082 0.05684335796907544
177_457ef8db81db726909e2381adbddb4b 27.888228673934936 0.9503233788013459 0.07329240891337395
178_45ff3c9bc849f2e33a2844e8778fdc6 21.66872360229492 0.9082159790992737 0.058850280435755846
179_460f7950d804d4564d7ac55d461d1984 22.574184474945067 0.9102620701789856 0.0681298539955169
180_468780ef4ace9a422e877e82c90c24d 27.05900583267212 0.9567225115299225 0.037951993435621265
181_46adf74e07a86c55e370ad7734071a37 21.224876322746276 0.8830561108589172 0.10507178436964751
182_47716b1acaae5b8083653a771e25099b 22.964099073410033 0.9129701125621795 0.09207731857523323
183_4822076e48b366371f0d59cde6139796 27.87439360618591 0.9517198102474212 0.04815561154857278
184_48723bca810f80cf7c84d27684eb86f7 25.66630037307739 0.9430091061592102 0.0518421100564301
185_488fc8215ab4e5e02edf5935f10637d1 24.078456563949587 0.9314799599647522 0.05810557938739657
186_48debbfd63725a743978555bf44cfc9a 19.569154534339905 0.8389677531719207 0.1465748830512166
187_48f5446e6ac9c1b51f1446551412bde4 23.900348958969115 0.9411080288887024 0.05697512281313539
188_49930a07ed003273fbeda5389ab05f5f 24.225939264297484 0.932467628955841 0.060838218249380585
189_49b67421f1aecb54619e733243629008 21.95884409427643 0.9031635985374451 0.12689038499072194
190_49e8bd4cf55ea566d97f019cb91636fd 24.14673399925232 0.933449942111969 0.06974250865355135
191_4a1b48e1b53cb6547a3295b198e908bf 18.612664318084718 0.8717710936069488 0.14453313153237105
192_4a30d2147d0e27d13ded1857c15b5b6 24.822086372375487 0.9434221363067627 0.04443328894302249
193_4a536a6a685e08ea678026e3eac5bb0a 24.11433681488037 0.9293612065315247 0.07009734595194458
194_4a5bd025a2500b3b3967c36b4916b4de 25.699846992492677 0.934901757478714 0.11294660329073668
195_4a8aaa19c413328d2557e2b5350c7e1f 24.511671404838562 0.9298246943950653 0.05178750360012054
196_4b092065568af127d64c207b9313bbaf 34.62432921409607 0.9880934746265412 0.04391119260713458
197_4b7b3b54dc04df53c19f1e8ed99ac2fa 26.313789539337158 0.9576969227790832 0.049348165133967996
198_4b841ea5b31090fe2bc9f17412005422 23.09543348312378 0.9109391963481903 0.07872840136289597
199_4bb89ac11d478c0a71fc473170b0a51b 27.12491904258728 0.9583412010669708 0.05052916379831731
200_4c1504f3463445dbbda733a39f84326d 24.040324172973634 0.936592201948166 0.0699939630702138
201_4c60f32b6efdc7217dfb1ee6a4b12bf8 26.5302290725708 0.9527411239147187 0.05120008795522153
202_4d0115d72892d27531780fdd33037c9d 25.992564573287964 0.9420613508224487 0.05998242017999291
203_4d1dc1ad555807559b0a29632c8d0005 24.989055824279784 0.9219587211608886 0.0903514066375792
204_4d24f5e0f3f394c030e91498c0369393 21.48523861885071 0.905807373046875 0.07445787426270545
205_4dbf4e0654d0c234e811106a82796d20 26.38366473197937 0.9643015804290771 0.05650187277793884
206_4e2ca20091449636599389919f6522e6 24.763819456100464 0.9287033667564392 0.08097114701382815
207_4f0147c8a158087a4c19dab9f2c7c52d 26.97665904998779 0.9406104159355163 0.05078315926529467
208_4f17af1ca7ae689d409b2c4484d833cc 26.944800987243653 0.9322910280227661 0.06908569114096463
209_4f31142fb24b4814ff1370452e3a0154 26.467151556015015 0.9347874011993408 0.089717214461416
210_4fc276424133528cf04f0bf74eec9639 21.614728255271913 0.8819520497322082 0.10446397159993649
211_4ff291758d03aab8d935b10ea652d50e 23.995816116333007 0.9283438735008239 0.06039574538171291
212_504793ed2da6cf7eba3e2415e22cd45c 29.64136061668396 0.9834629533290863 0.039246318163350224
213_5057c9dbf72e0352728fa2df514c65d4 22.82515315055847 0.9094954652786255 0.07732196577452123
214_505ab718b8083f02ff1370452e3a0154 24.27930031776428 0.9243758637905121 0.05643041686713696
215_50e986077b994d6aa848f24544821b25 27.411266288757325 0.9721658189296722 0.051258611765690146
216_510df40932e79779a324deea8acbeebe 26.273008251190184 0.9431697039604187 0.052009180307388304
217_511962626501e4abf500cc506a763c18 26.037621555328368 0.9416904854774475 0.058925197135657074
218_5130947e5f18e73a8321b7d65a99d2a 21.5994163274765 0.8737397384643555 0.12951361440122128
219_5135ad38043cfe64eb766e5a46fceab 26.902577466964722 0.957564610004425 0.03729461814276874
220_515492715a04d8756a2345809e2bb169 21.12240860939026 0.9016569871902466 0.09145707943663
221_52f2a2472411fe2e6b418c7d9fedcaa9 22.036895437240602 0.927923907995224 0.06986953447014094
222_530234273d5e31a57c7baeeaa3dedfc 24.05756772994995 0.9319137926101685 0.06481947422213852
223_5316fab78a6732f0428df271ebc70bc0 25.320542154312133 0.9320301179885864 0.04620680518075824
224_5351646fca246bc989c6f1079da7a8d4 25.96297232627869 0.93552916431427 0.07258327486738562
225_5357fd81d212951a1c64dffb0265c4d6 25.658310480117798 0.9450195209980011 0.04811446009017527
226_54514b3e6ea7ad944361eef216dfeaa6 23.1254114818573 0.9196846401691436 0.06927395026199519
227_552233e882a65b6431f5c3d8b8dbfe3 23.82296718597412 0.9212278487682343 0.06555384943634271
228_554bfeff3c44a3d6425b2c354eccabaf 23.670687789916993 0.9337262568473816 0.05054936235025525
229_555303045808ca7530e7b962d97a840e 27.514334669113158 0.953331857919693 0.04466098280251026
230_55e0897c0ac089a6da5cb3be8feeaadc 23.468782329559325 0.9281044731140137 0.06454291069321334
231_5621ebf65ffd38468772afa45900d07f 27.3710359954834 0.9463781423568726 0.034890098743140696
232_56332360ecedaf4fb095dfb45b5ad0ce 28.707742652893067 0.9664952387809753 0.04344811798259616
233_5686e48a700bf4c989439bf55b857b9 18.560439615249635 0.8404089839458465 0.15296892781555652
234_56b6c950f4c5de80ce27281f3b76d1f5 25.03109285354614 0.9306924996376038 0.0666886399127543
235_56d5921f58898cbc56e8a11c9bc9a7f 25.624631900787353 0.9446768634319306 0.059648095179349186
236_56e0fef0632aed0f1d27be7764701cfe 24.739253730773925 0.9432047255039215 0.061764150172472
237_5768ae99da7499feadca4990256df2c6 22.425352840423585 0.924387903213501 0.07145882471464575
238_5785192c95cdd67b704715417c0f83c1 26.9689089012146 0.9448834638595581 0.06646502138860523
239_57f592c3ec49318661c6c61410fc904b 23.18261205673218 0.9072766840457916 0.0859744427986443
240_588c2d2567fd900aefe5f291bc2f5fd0 21.411589679718016 0.8843000707626343 0.09166397895663976
241_58dfa36440ada6cf2a9eb0f146e94477 25.88671287536621 0.9452099795341492 0.06390677706152201
242_598f0aea814b1d0f8db98a39370e7faf 19.98520345687866 0.8795472898483276 0.10950225919485092
243_59e01fab310fa8c49c9f1f5abaab90a7 23.522358627319335 0.9389283242225647 0.054583111885935065
244_5a9a67bb92fbfca3b1bb46d2556ba67d 25.322557039260865 0.9533100750446319 0.04812493799440563
245_5ad845ccc1a5795ecc19d582c2bc11b6 21.618815622329713 0.8871886661052704 0.1007020995542407
246_5b7985f5dd37dec2c2509a0026f2a07d 28.48735978126526 0.9466707363128662 0.059524575352668765
247_5bab0881b7a18b12733269057ed164db 25.972369651794434 0.9431504993438721 0.054553791919723156
248_5bb0076c269d5cb1ad19b94b8069bb8b 22.775909857749937 0.9025488755702973 0.12613819805532694
249_5be0fa6b0bb7a281a170b3adf3b6f220 22.96254515171051 0.9050536479949951 0.10411577697098255
250_5c542cd5371a631d6436916a86a90ed7 19.09544167995453 0.8701328585147857 0.09557956151291729
251_5c997a7c241190937cbd61b2affd051d 25.69959101676941 0.9318812026977539 0.0685219397675246
252_5d353140bc7569a48772afa45900d07f 22.745486974716187 0.9214353406429291 0.05983638085983694
253_5d6160c6e87be84631d01cb0ca6cb2e2 24.408879384994506 0.9268408627510071 0.0803472478929907
254_5d756a52f6f361abf500cc506a763c18 25.775107622146606 0.9419644737243652 0.059373694414272905
255_5dbed4f17ebc271a3aac79fb478fb6b 24.624461898803713 0.9422696743011475 0.06195294066518545
256_5e014eb2bd03daab9fbe97de4a41d527 24.017280073165892 0.9308545229434967 0.06584381313994526
257_5ec7fa8170eee943713e820becfd99b 27.537324237823487 0.9509576077461243 0.051159013457596304
258_5f2ae8bd2d571e7c6436916a86a90ed7 25.078151359558106 0.9465289921760559 0.04410959153994918
259_600ab6a1f116a5ac994a3466f8481f8a 23.03599660873413 0.9193056206703186 0.06901977756433189
260_6026684ab31d567328044fe9244db50a 23.061424856185912 0.9092004718780518 0.0953957493789494
261_604d915e7bf91cbca22cf2b42142a7ea 22.797501077651976 0.9134507074356079 0.11780088111385703
262_6058ad4a6ec4eba46436916a86a90ed7 21.140504560470582 0.921601149559021 0.07556075097247958
263_60963ce07aa742382a9eb0f146e94477 25.931881303787232 0.9435246529579162 0.05158855396322906
264_60d8d7776789b4b1fe11eeaa72c8aa36 25.760725355148317 0.9472664155960083 0.055039544057101014
265_61348ed95aac6b3799cbdd78ced2546 24.57922832489014 0.9143452727794648 0.08360748464986682
266_613bf2e7f987553220d9307ef0bda318 23.29311427116394 0.9062419991493225 0.07457683233544231
267_6165a435160e69bef997a8fb55b67177 25.556529569625855 0.935781724691391 0.06398865511082112
268_61b40cc1d7e054cfaeea7738551d104 24.706744384765624 0.905143907546997 0.07560395727306604
269_6246696b7db8ab34eeae8bcbf655eede 19.927537541389466 0.8627531998157502 0.14387592371553182
270_625861912ac0d62651a95aaa6caba1d3 24.673997120857237 0.8932799971103669 0.09479257107153535
271_6333b9c777384ad14362be10a3fc8255 26.070200319290162 0.9412796022891998 0.05834496681764722
272_63a4e46bbbd855fc2b63d3b2a8c4e8b 23.042855882644652 0.9401698622703553 0.0709603729583323
273_6471b4eccdbba210ba9a2870774c1424 24.84090777397156 0.9349333133697509 0.0506398599203676
274_648ceaad362345518a6cf8c6b92417f2 28.067076797485353 0.9703804595470429 0.050356987731531265
275_650238554cb16926bda733a39f84326d 22.746939263343812 0.9358118801116944 0.06390402061864733
276_65c225fae513a6dbe7b23463fd9b0ba1 27.09485143661499 0.9534025428295135 0.04556620291247964
277_65ccd33df41999496d6573f48a06281 25.60661901473999 0.9519504554271698 0.048062447221949696
278_65d6433043c40046b82c0841410a924f 18.093774447441103 0.8637174079418183 0.15256010946631432
279_65e3e2893669a09cc7b48e36e31209b9 26.364988136291505 0.9433395626544953 0.05343762326799333
280_667f7509425dbc60c43644e93a8d03ff 21.803488507270814 0.9094169397354126 0.07369488852471114
281_67aebe9ff1f103e18d1e606155667e23 25.95738995552063 0.9503655292987824 0.039326101956889035
282_67c229c70e64a25e69c2e0a91b39f742 17.684144043922423 0.8866769990921021 0.1048758647851646
283_68f06cde1b907c44e9e6d625d754e501 26.160351095199584 0.9666009466648102 0.0457814512103796
284_695bc26f67e001e65bcdedfa3370f5e1 23.79058518409729 0.9324878828525544 0.07630181224644184
285_6976cc9f5982474e9aae70753d127b0b 16.829297103881835 0.8322015404701233 0.1638473601639271
286_69aaf42f0b8d0e2da37127a27e431e39 23.737475786209107 0.9249835815429688 0.07412740326672793
287_6a737d71a4c4d81958943aeb17f0d326 19.826527433395384 0.8966614212989807 0.08832046348974108
288_6a81b52d03080172ea7256175786076 24.17832167625427 0.9322331538200378 0.07779886605404317
289_6af177bc78ee06a0e8acba6ad3725ca8 22.009844975471495 0.9164714727401734 0.06463374873436988
290_6b44be4025c966d4672601793664460d 23.238003034591674 0.9198831601142883 0.0663418360054493
291_6b642c1c62ae5b49247a5be450795511 21.97340714931488 0.896742889881134 0.10121770080924034
292_6bbcd5608ddf871a4cdd04162f008888 26.2903054523468 0.9412639780044556 0.04839250005781651
293_6bf75ddeac192594bda733a39f84326d 23.714160957336425 0.9318913493156433 0.06801239594444633
294_6c339c89246fe6a651db49e653372c20 21.380734148025514 0.9110205435752868 0.08808349512517452
295_6c449b92891754c6b8b6b17d4ce17d67 22.70018051147461 0.9284620192050934 0.08430555407516659
296_6ca9967adcf862a461c6c61410fc904b 22.719568724632264 0.9163286859989166 0.10583764994516968
297_6d493677c8dfb9d8321338b7ef756ea5 23.27316020011902 0.9326626811027526 0.07804123874381184
298_6d714f7b7170a581da8e502a3c6cb4fb 24.457120218276977 0.9313967761993408 0.05566588783636689
299_6d8da7ec9ead6677701c1f58e22b85e8 20.691156907081606 0.8786547343730926 0.1117292387187481
300_6dbae14e481e8fb9333e0bf0b765fa12 26.727746868133544 0.9463487870693207 0.05376248807087541
301_6ddb807414fa23e0d9f8911ce020a037 22.38886911392212 0.922020129442215 0.06213701423257589
302_6ed2957beeb7940a9fbaa69916aaebda 25.871908292770385 0.9473556170463562 0.05468763993680477
303_6f3887b3b8253284de541e973ae662b5 22.251417441368105 0.9253993363380432 0.07623503743670881
304_6f7ba033fc5c0784468bac13e007a6e9 23.232113933563234 0.9080992674827576 0.08604397930949927
305_7015c7c8ee74f69313ded1857c15b5b6 23.70833143234253 0.9324789206981658 0.0630837947819382
306_7046566750f129126aa0f1550c0a545d 25.662382144927978 0.9566977455615997 0.057146704075858
307_704e60e6e5be85e1f500cc506a763c18 22.656117134094238 0.9265905737876892 0.06790420369803905
308_705840df46a582e2ac826a3c82da491 24.506651973724367 0.9428357377052307 0.07153878531605005
309_707d1e19b465d075adbfb30d8d1b297e 23.230971846580506 0.9088114874362946 0.07802977326326072
310_718c595ae03a78208b58723318e7adc2 22.34095925331116 0.9075797083377838 0.09782350175082684
311_71a1122469df0bb8cc8ad0deed05da5c 22.217159867286682 0.8958842771053315 0.13928695277869702
312_71b00ea32b1810ac373af83f3f2fe606 24.680475702285765 0.9203541035652161 0.07387006268277764
313_7203130a35ab20a4b1bb46d2556ba67d 24.75812569618225 0.924945411682129 0.06717069627717137
314_72d4deb3b797c03dd4f6529a209c5dc0 24.53395256996155 0.9146646687984467 0.09723897736519575
315_73140624a636925ada37be44e2d84539 26.41621102333069 0.9491060712337493 0.057908173829317094
316_73df85f3bb763fcf148474f05635eadd 19.56880998134613 0.8626716043949127 0.10783716820925474
317_7448f1cba230298fcd61ab83ca5e9957 20.43489282131195 0.84557182264328 0.1530418217033148
318_747c49bca6d4ae9d7c84d27684eb86f7 25.488123140335084 0.9476246037483216 0.055718570034950975
319_7486c73293cb8af3175a3b42530b4c51 22.49689453125 0.8960927596092224 0.07183387580141425
320_74b73c2cca45cf483c1d9add3a87bd2d 24.59799917221069 0.9349516906738281 0.04369928927719593
321_74f7b559d6af926012f2e446484bbaf7 24.445203876495363 0.9404601848125458 0.05944022543169558
322_751a2e8afd998768fb8f6150ea0ae369 23.227689390182494 0.9077992398738861 0.10609966212883591
323_7521398f7ab70a073c1d9add3a87bd2d 23.620863218307495 0.9259522333145142 0.0537032418474555
324_7582e942f3e60a7c1477c1a2d9ef8312 26.309300584793093 0.958896034002304 0.0516378224492073
325_76680f2bc0d53c6e3112e33afb0a091c 19.463625655174255 0.8559223053455353 0.12942846492677926
326_768ea3241699f663f1cb19f636b1c2bd 24.62006937980652 0.9358024804592132 0.04559472555108368
327_7751f6695ce5013bbda733a39f84326d 24.754798555374144 0.9216957850456238 0.06538040105625988
328_77d9a23f45c888e595551e0d9e50cb0d 22.444306287765503 0.8970899057388305 0.09910068752244115
329_783f141774ea26e259d587c4b86a22ea 26.56909876823425 0.9412857422828674 0.05111742305755615
330_78555893ae97d1fea37127a27e431e39 24.515763120651243 0.9271467561721802 0.07780029480531812
331_787a38da42c2026ec29f776eec462c6d 18.814963245391844 0.8230238165855408 0.16174118059873582
332_787ba4e958f1bbe88ec77d0d80815cf8 25.705322332382202 0.942732914686203 0.03778844017535448
333_78c0bec338fa1c01d6b98bf27ff43caf 22.370964417457582 0.9246290352344513 0.06813554772734642
334_7a5eba46ba4cfac35aa429db266f0c30 27.12446720123291 0.9452710733413696 0.04919566954113543
335_7a756a1c54cd3a5a1b3611fc576bceff 17.79858106136322 0.8648367547988891 0.1357847088612616
336_7b067be3aa39b1a124853ec273f6c1d2 21.523331995010377 0.9019695258140564 0.0986544261649251
337_7b0ed2e4d59ad5261d5011bbe723eeee 24.447704429626466 0.9411742956638336 0.059686190584674476
338_7b2ad420c7829e881cae32f43c09c982 20.179802346229554 0.8928058452606201 0.07279699514247477
339_7bf6249a031b5095ddd41159baaa3ad5 29.183474102020263 0.9625037508010864 0.039170339925214646
340_7c44aa72f314ee8e634b31c394824611 20.38329947948456 0.9040250635147095 0.09676843092031777
341_7c4aa4b3f916d26c9cdc71dce6a3b485 20.200723977088927 0.8798606669902802 0.11248777310550213
342_7c5e0fd7e8c62d047eed1e11d741a3f1 24.34571816921234 0.9242341797351837 0.11768619902804493
343_7f198a2357dec222f98feeb6b46f3cac 21.925549273490905 0.910075954914093 0.07840459611825645
344_7f42d57ca7041f2df43d27ed950b5659 23.50889159679413 0.9176171071529389 0.08501403586566449
345_7fd2f1d8342aa0acf3aaed7e86215c7b 20.676125416755678 0.8686840906143188 0.13575507770478726
346_8053e014516531ddc3f500d7b182f6 26.30419030189514 0.9304887621402741 0.06943892738223076
347_80ac9cc0d4c9dde3b7a7bc444c2d756b 26.145311498641966 0.9471284005641937 0.051730455834418536
348_8141677722f680076a2345809e2bb169 23.4493701839447 0.94300284409523 0.054691344501450655
349_81655a19f4ce2daa8fd988235de2147e 21.399179697036743 0.9024334743022918 0.06773224921897053
350_817bb8c69e4ac23ec81ddeca50aa3117 24.25501781463623 0.9346313440799713 0.05559931923635304
351_81c52d54f9719736ce27281f3b76d1f5 29.30692193031311 0.9605172719955445 0.05189372160471976
352_81fad64b8fd8f010b17445a1c29f6d34 26.583226318359376 0.9395929358005524 0.05862053582072258
353_8212b62591234c743a0daf3e5400b95c 24.028990211486818 0.9405298674106598 0.04639672949165106
354_8242b114695b68286f522b2bb8ded829 24.122861442565917 0.9333597538471222 0.06857836746238172
355_8269284992bbd0c886dad8a79e570561 22.33926405906677 0.9090559303760528 0.076012191362679
356_82720b201a7731e3b376886260eb15c1 24.487645711898804 0.9362811884880066 0.06399915542732924
357_82a783a1ea4e34b8d7755e7baabe8a6f 23.55394292831421 0.9257811901569366 0.05824230476655066
358_82c6851526bf7350b5554d042286b030 23.036891841888426 0.931011934518814 0.061086144261062146
359_8320c70894c3cdfdff1370452e3a0154 26.56448260307312 0.9410016436576844 0.06815990853309631
360_83e537cd6bb435e91d1a964dea8a7aab 22.931944522857666 0.9035627286434174 0.08632771732285618
361_83fb99fe62dab5308b55a52bfd1cce7a 20.334085555076598 0.8694734008312225 0.1385478524044156
362_84498085850b19d11673e1c313348a01 23.651514472961427 0.9236028108596802 0.07765340803936124
363_844a5b7af9b67510b1bb46d2556ba67d 19.475186500549317 0.8925630950927734 0.0954164189696312
364_8478439998e4af846602d94d941a9c9 24.459689655303954 0.9209522879123688 0.09172437606751918
365_8545a6862135379c813e8e6859b9f2f6 21.832975916862488 0.9137831227779388 0.07710120981559157
366_8590a6c8270375e34b5a812ecf553410 20.97717011451721 0.9269710128307342 0.14087015499919653
367_85e54cec1c6808009bc0c5b67eaafbc 22.574657835960387 0.9279206795692444 0.05784843301400542
368_85f3dc3318f5200c8672c9b355cd2075 24.968436632156372 0.9383125898838043 0.06531594632565975
369_863f9284eec4a256e9d8921ebe6d5b8e 20.09916579723358 0.8624060049057006 0.16057783568650483
370_86b488c74b27d70ace27281f3b76d1f5 23.275825657844543 0.9244222288131714 0.08516632506623864
371_86c8a3137a716d70e742b0b5e87bec54 27.615335302352904 0.9533937363624573 0.0339887916315347
372_86d9b82220d7ba342e56818be5fde856 18.289301462173462 0.8721577615737915 0.17866835962235927
373_86f1cbcda59640594dde7b6e74a2cede 26.07030478477478 0.9454090511798858 0.05531186580657959
374_86fa16c6da908e6b44221994b043fd86 19.616910457611084 0.8758609533309937 0.10226006526499987
375_876d92ce6a0e4bf399588eee976baae 70.70838527679443 0.9999231469631195 0.0029540653505828233
376_88ad6f5df57cf8ea16abce8cb03e7794 18.59421169757843 0.8657632260322571 0.13875504141673445
377_88fc7d197310ea4b961b666ad9ed1438 22.953554911613466 0.9360387594699859 0.05025685239769519
378_88fda6df0a162605e52943dcb52313c 23.655719594955443 0.9202889850139618 0.07498268795013428
379_891b06955bdd04a7909e2381adbddb4b 25.736474680900574 0.9307641294002533 0.07745879703015089
380_8922c6c3435f16fee694960c91796f38 24.861404457092284 0.9658514194488526 0.0894861927907914
381_89765af115d9a4955591fcdffe729c55 22.529867706298827 0.9154619579315185 0.0830525386556983
382_89edb3d434f4c983afe1d4530f4c6e24 20.524910588264465 0.8983962197303772 0.08149943336099386
383_8aacf6e90bfa4610becf71e2e014ff6f 22.231341614723206 0.9008831152915955 0.09795330211520195
384_8b4879617bd256391738f25e3015f92e 21.837541694641114 0.9009000148773193 0.08480310351401567
385_8bbbfdbec9251733ace5721ccacba16 25.44876296043396 0.949676607131958 0.05275201705098152
386_8bd6b3e216ac44d2d1e34356c50bf8 23.88336585998535 0.9365002732276917 0.06153160603158176
387_8c0fd2f204d6008da1b543d55837199 27.543406343460084 0.94675816988945 0.050903677094727755
388_8c2430564a8e3a2354277bd8a941f068 18.068878412246704 0.8451371667385101 0.1488401371538639
389_8d1ef0a2c958b23f22aa128014a842c4 20.832677631378175 0.8872049880027771 0.11100841627642512
390_8d78c8489dc927dcb07f27f3519a9cd4 20.99165931224823 0.8761334481239319 0.10443265540152788
391_8dcccd3d9221f9a0d61b6a34f3fd808c 23.546665229797362 0.9333157165050506 0.06802237072959542
392_8decf42b145f98d148d2ba4615e03b21 19.35360535144806 0.842297336101532 0.16298408333957196
393_8e05e4f955eaf140ff673973a435017f 22.74375683784485 0.910106389760971 0.10310396759957074
394_8e308d28d463427f43f0e92e826556b8 22.594276313781737 0.9225511169433593 0.07020326037704945
395_8f715205d2e70c1ebda733a39f84326d 23.729741010665894 0.9312186813354493 0.0692055729329586
396_8fc3cde1054cc1aaceb4167db4d0e4de 26.271312446594237 0.9478157184123993 0.0632294692825526
397_900c32b154c0dced994a3466f8481f8a 22.820982418060304 0.9058488614559174 0.078118382608518
398_90917495a9603208c368040825ed335 25.53326036453247 0.9308352773189544 0.05890017901360989
399_90a59a473e9d110ae13bf7a39e9b5432 25.845694122314452 0.9339378015995026 0.05426991743408144
400_90ba6416acd424e06d8db5f653b07b4b 25.265646924972533 0.9368226449489594 0.06412683127447963
401_91440448603dffb62c8b6ee41d7d5d62 25.893599214553834 0.9314017992019653 0.06417161279171706
402_91c12a0bdf98f5d220f29d4da2b76f7a 24.920968561172486 0.930831316947937 0.05511666781827807
403_928a5f0e95e7aae5780bcccc86c008c3 22.954915409088134 0.9382236542701721 0.05865796541981399
404_92a718b74a2e5e84fd2d6c7ed5a8dbd 27.22441327095032 0.9561619796752929 0.04777282514236868
405_92c882d35dfca864acee48fc4abca0f4 27.017280673980714 0.9330044114589691 0.06945210286974907
406_92f697d036addb55ed576c2966428f 27.174132184982298 0.9566441736221314 0.05573007563687861
407_936702a0367e95185b03bc28c642bc 19.831535782814026 0.8952780287265778 0.08386544013768435
408_93bb1cd910f054818c2e7159929c406f 19.64392789363861 0.8532474348545075 0.14917465090751647
409_943be90f18274083becf71e2e014ff6f 26.15196720123291 0.9555467972755433 0.039795789374038576
410_9446a1c34cc06eb518b1741f84b73b 22.524049253463744 0.9121220045089722 0.09407556317001581
411_94cfcfb74e246f938acb0ff76f4aec7d 26.52002411842346 0.950257789850235 0.04694643611460924
412_9609eee1c5f60dcd610425baad975046 22.299299392700195 0.8852314579486847 0.10468704897165299
413_965000959c53a8612fdbcd3e1b829315 22.385608406066893 0.908760005235672 0.06646669801510871
414_9698be0fd3516f01fbeda5389ab05f5f 26.482240438461304 0.9525864682197571 0.056233637884259224
415_9702eb7f07f013532764cfba57a5de73 22.858537845611572 0.8965651586055755 0.09634720549732446
416_970ebe02365dd05bfd7e1079f2e4956b 24.092447719573975 0.9333937041759491 0.06856798147782683
417_974c3d82f8726f086b418c7d9fedcaa9 23.395353450775147 0.9359082515239716 0.07253998676128685
418_97831a753d80d66dfd24692312e9de8c 27.372554092407228 0.9522285232543946 0.04431874203681946
419_97bcc7a1f73bfba93e5399147a5b4763 22.368239879608154 0.9266838366985322 0.08234340620413423
420_9803af6123238620247a5be450795511 17.469766006469726 0.8377143065929413 0.1377347973883152
421_988108a7536d686824065b218dc1b5b9 19.836812319755555 0.8593852963447571 0.13908318258076907
422_99311deac352b9a5873751b4c304dae7 22.045635595321656 0.8916815075874328 0.13555653586983682
423_9948d84501b8ab721e7b5f06a32cfcd1 24.77791208267212 0.9248582813739776 0.0737888003140688
424_998f600899c76e4583653a771e25099b 23.563822164535523 0.9174648900032043 0.0735222673676908
425_99cc91ea3f0b646be79303516c6edeef 19.771341075897215 0.8730776603221894 0.09342164680734277
426_9a152b11907b11074549b3c52ae0632e 28.096830110549927 0.944504605293274 0.05663069676607847
427_9a22505d1e6221533c35e65001c8c258 25.483197469711303 0.9360393178462982 0.056750368125736715
428_9aec89a595e4682fbc5845a373118df7 23.14090368270874 0.9155780801773071 0.06315688024740666
429_9c10e71c06558c3b1bb46d2556ba67d 23.86919288635254 0.9487496500015259 0.06173479868471622
430_9c35f00f81110738783854950b26f0d3 19.486413073539733 0.8645205438137055 0.14145772441476584
431_9c4a3879c71df693af0f25977186b501 24.297258729934693 0.9419491930007935 0.06989057905413211
432_9c827e532de4967285089a13cc567dbd 22.94632234573364 0.9099999389648438 0.09199433947727084
433_9e0eb55ae7af7f8a61fbb658aa965606 23.27419765472412 0.921151939868927 0.0547734298761934
434_9e4380de95fea34a11718baa6d4afc0b 25.31459536552429 0.9373280708789825 0.06931283350661396
435_9e5faa247753ad479289f0a3d35e8de4 18.084829216003417 0.8627823927402496 0.08103068282827736
436_9eaafc3581357b05d52b599fafc842f 23.092553272247315 0.9351805989742279 0.06472311928123235
437_9f3c463272d13d39eb7780cdb3ece367 23.087623133659363 0.9273258390426635 0.11998410098999739
438_9f4bbcf9f51fe1e42957c02bdefc95c8 26.211536026000978 0.9492434434890747 0.04119641249254346
439_9f69ac0aaab969682a9eb0f146e94477 26.263968362808228 0.9364563734531403 0.062275593794882296
440_9fbcae2f132db088b09b4c3b88665c4c 21.597232975959777 0.9071605858802796 0.056617056304588916
441_a0a1b0377d72e86bab3dd76bf33b0f5e 26.77888689041138 0.9518979418277741 0.04136625637486577
442_a13fa4cf0dfdd5b58f7f0d2c9c57704b 27.468483667373658 0.9593413627147674 0.042808993214741346
443_a166f97f10557feae7a7d875eac9a93 26.185341272354126 0.9452832171916962 0.05069287157058716
444_a17d5aa16a529a88cbc76a30015552a 21.903623728752137 0.9135091178417206 0.08296230051666498
445_a1c337c71f246f0b1d1a964dea8a7aab 22.14233860015869 0.8985466277599334 0.0938108305260539
446_a242c0446b186585852e57cec5098e60 20.33285744667053 0.8682022037506103 0.1397323200404644
447_a295d3ca78e2fa9a6a2345809e2bb169 23.1628782081604 0.9210918335914612 0.08012525834888219
448_a2a795ad86d1fa12f3aaed7e86215c7b 21.897560319900514 0.8934957275390625 0.10258829288184643
449_a2fa9237519db867f606d4ef0b8dbe5b 24.450906162261962 0.9383797569274902 0.06919607996940613
450_a358931939481311bda733a39f84326d 23.13404317855835 0.9356363880634307 0.07151435211673379
451_a421aeec78440e40d3a3ff116860ca63 26.732372550964357 0.9610000925064087 0.04190509780682623
452_a471cdae8ec5df5c9e317a6cc797b629 26.227586307525634 0.9336828165054322 0.06140984137170017
453_a49107f738b26379428df271ebc70bc0 23.01088426589966 0.9216994318962097 0.07820288881659508
454_a49df2707037f82a94ce9d7b04676231 16.851738686561585 0.841995910167694 0.13861133078485727
455_a4b793df04e3bdb11fed6082009db27d 20.59990258216858 0.9044428124427796 0.09776527323760092
456_a50a46d3423e7dcad1eb2a2149d13665 24.4762211227417 0.9272480218410492 0.06529759471863508
457_a57e65f0c8f21ebc31780fdd33037c9d 23.10250120162964 0.9257378993034363 0.07562036732770502
458_a5a6c94b8a93c11b679506fe2f937c34 23.428039140701294 0.9189688436985016 0.08335047953948378
459_a5dc2526c9ef78b96212c8f6cd06e 29.007831392288207 0.939960913658142 0.06777903557196259
460_a5dcd1196a1ffa9739f20966eb25504f 22.53004898071289 0.9108195290565491 0.07184755270555615
461_a6d494af391a97686436916a86a90ed7 25.5603302192688 0.9495491693019867 0.05200910000316799
462_a72134cd499fd1c4f79e091fa09130a 25.403336763381958 0.9357092871665954 0.11125871586054563
463_a75ff576da012340468bac13e007a6e9 15.705470809936523 0.7877017090320587 0.17617187690734865
464_a78990822fd4836a12615f8be9c552d 22.36017813682556 0.9069904000759125 0.09613499814644456
465_a81d28a70bb06e18bda733a39f84326d 26.78274027824402 0.935963862657547 0.05522658773325383
466_a836fc66c01eccca58c27e607f6e2d4c 25.919308385849 0.9379707064628601 0.06386393536254764
467_a8d3020b33543bdce64131b695068ec5 21.321010217666625 0.9204292950630188 0.06432514960132539
468_a8f2c3adc0671c15c64e95fc6a597455 24.32289273262024 0.9200898628234864 0.07942596478015185
469_a990f6d75c669f4351a95aaa6caba1d3 28.51956974029541 0.9579707539081573 0.048447038229554894
470_aa78d4465ae18312711f9e3a79a13dcf 20.672159686088563 0.9006043305397033 0.11561461615934968
471_aa7f127bb8cd9db73755eb267a6f3b6b 23.10726026535034 0.9345745882987976 0.08428399579599499
472_aa9f41bc3925ffc4be9358e8c18dc481 19.577601008415222 0.8791450524330139 0.13248904480412602
473_ab7eaf660f1bf4db23fa56f2e03fa992 24.936505136489867 0.9225303015708923 0.07663927225768566
474_abb2cf2ed0d8679e9cace18601e5d3b5 20.05514097690582 0.8655360631942749 0.14532388025522233
475_abc42e7c5ffaa41d1466737d5c4b4246 20.113747186660767 0.8855974609851838 0.1077095868177712
476_ac488b046b024bdc3aa029ace5323fc1 22.800305700302125 0.9136056609153748 0.09056013747677207
477_acdb7b476fc5a1ca96f65931c8819eb 24.159212617874147 0.9288619334697723 0.06420871791429818
478_acf64e44b021fd4613b86a9df4269733 28.471055402755738 0.9602933232784271 0.050115499591454865
479_ad1d30f2294f40dc622ac2f50deaba1f 29.93893497467041 0.9615909476280212 0.048217210739850996
480_adc6f0f3274cf92cd4f6529a209c5dc0 23.687473483085633 0.9110868170261383 0.10586732626706362
481_add26d8f4f91ba04c84b95bddf75b22d 26.883798551559448 0.9481364722251893 0.044421485537663105
482_ae0058d9ae9bd33d51a95aaa6caba1d3 27.99549575805664 0.9482079317569733 0.05814520882070064
483_aeac711326961038939aeffada2c0c5 24.770469789505004 0.9248101949691773 0.10766123542562127
484_af2f10112f943f54c730b513773cf286 29.015956163406372 0.9482743663787842 0.049510520799085495
485_af94283a61eafc7183a0f773f3852fbf 23.998884525299072 0.9248350698947907 0.05368454968370497
486_afa0436d9cb1b19ec8c241cb24f7e0ac 21.91883897304535 0.9209270007610321 0.0698031559959054
487_afb36ab0a7bb906bd95840a0da458be0 23.541353993415832 0.9396714923381806 0.05555620884150267
488_afeb58fbf8c45924cdf21e49b4ebfe68 26.069868431091308 0.9437484865188599 0.05368532197922468
489_b09376c77d8fe18eeaa60d48e24f18e0 22.70161410331726 0.9239057703018189 0.05837927189841866
490_b09f4d5af99be6c5f5f45e906b41d1f0 22.731047644615174 0.918069566488266 0.08123767449706792
491_b0a7789537663f7ba1ff2929b2f5cf19 25.193851804733278 0.9304295561313629 0.07293904180079698
492_b0c2225ab347e28f1a48cf85d161a723 23.37197820186615 0.9299279294013977 0.05695442770235241
493_b17929063c2b3d9a52aa494042b7c9db 25.410598974227906 0.9349263463020324 0.07731131376512348
494_b1f75a8e8b9e921a8a6cf8c6b92417f2 23.756204080581664 0.9170914289951324 0.0595372897721827
495_b28d1b3e81f407571c02ebb3dd0baeb1 27.83226396560669 0.9515167453289032 0.04841746690310538
496_b3aea199d8f8945d3c8089ca2f2a9299 18.986950597763062 0.8453234980106353 0.1247206583544612
497_b3f1ad55fa401c35e8c505ac322336cc 25.023831253051757 0.949851441860199 0.0452913642320782
498_b4110c921adb2c40bda733a39f84326d 21.199867162704468 0.8923833074569703 0.10087691597640515
499_b4250be25fbd19a994abc9429888948c 24.97157753944397 0.9279736304283142 0.06676658639498055
500_b44b09bdef8fa2209473806fbdf65cb6 25.263378734588624 0.9333631863594055 0.08821159843541682
501_b50f9931670e25ef44ccce632b473b8c 25.033988404273988 0.9265533423423767 0.1282835110463202
502_b55112c3c09949846a0cf750aa55c4f3 19.292129769325257 0.872254830121994 0.1339062307998538
503_b5a25bcf42cdfb15523270fc16562838 24.752594623565674 0.933758376121521 0.06882715452089906
504_b5b6b09711cbee6daa44bfa127abe4bb 23.76301176071167 0.9128728392124176 0.08397758002020418
505_b61b7103e8d8af91fe21694bd5f519d1 24.161840906143187 0.9132596340179443 0.07874844016321003
506_b6749c2b917d4aad949b12cf3977a48b 25.472526569366455 0.9422184233665466 0.05565094011090696
507_b67af8c92198eab432e9b7d6df5ccd43 23.73008299827576 0.9307837703227997 0.06787638993933796
508_b70d970f8020c25dd141480e2c154d3 22.04138366699219 0.9208269097805023 0.07155631882697344
509_b782800ed15ae74c6227cba038bf7c95 22.492592883110046 0.9196019446849824 0.09058107171580196
510_b809864c779761ab7ac2a2313c9e8844 27.980096321105957 0.9567015058994294 0.04295553745701909
511_ba0ac1d1e25d3fad63f2c3a55558a78f 24.562889442443847 0.9310175290107727 0.06070334859564901
512_bae4b861b5cf87275b182da8c76b7238 23.802596397399903 0.9346936073303223 0.05744577798992395
513_bafacc7f28509d4157abc6fa0d632bc7 24.006481981277467 0.9200532298088073 0.06793863236159087
514_bb9109ffb1789e98e55e3289e5df0916 19.63792528629303 0.8748305683135986 0.11492163758724928
515_bbc4f08aacdff9c7a8ed0bb390c8ebb7 23.939887170791625 0.9269516627788543 0.06226705011352897
516_bbf84d45735af3314dde7b6e74a2cede 25.238296794891358 0.9333145067691803 0.05826564759202302
517_bc86f6cdcac3e6a5afe1d4530f4c6e24 24.8511745262146 0.9519650015830994 0.07320822757482529
518_bcc3625a31bea6cd6a2345809e2bb169 24.960809965133667 0.92610373711586 0.06090734039247036
519_bd188c1db4c52a2ac35f22936e5aea5c 19.05228446006775 0.8304741930961609 0.1539342471137643
520_bd8654fbca233e41ddb8f37b1865d989 22.843213186264038 0.9134483783245086 0.11943480736017227
521_bf37249fc8e16fd8f9a88cc63b910f3 26.486412620544435 0.9405247054100037 0.053729974940419194
522_c00ec8e0880f507ba2e48b029cec5d4b 20.99660328388214 0.8449111804962158 0.1446949043646455
523_c08d4483e70f02e5322b377b3e7c8ad8 19.716053881645202 0.8724973411560059 0.1346334250718355
524_c0db588c8c816cd2dc668d3d64c871ae 22.634524760246276 0.8975502243041992 0.1624343037903309
525_c1186d49101dcd513a0daf3e5400b95c 22.593541030883788 0.9262946429252624 0.061393169375136496
526_c1192c946a99ee529bdb511fb702b5ae 21.244899291992187 0.9067414598464966 0.07013003148138523
527_c1aef2e67a9608511c4ba4758a592406 21.790250997543335 0.9061893696784973 0.07749556017108261
528_c20ff7778ca2b8ca86ac29addefc0f11 26.33485510826111 0.9592754917144776 0.04361375579424202
529_c35ebd98decdebb9db7706d93442f2a7 26.955690031051635 0.9491614549160003 0.05391716892644763
530_c3858a8b73dcb137e3bdba9430565083 25.82613652229309 0.9408035161495208 0.05567611699178815
531_c3a1e04f49e80d22a10cf495b6dc4ef 19.106593713760375 0.8388748052120208 0.13873408946394922
532_c487e9850891e1ec2d15396b7bcc6366 20.40615321159363 0.8817048015594482 0.1062390678152442
533_c48a804986a819b4bda733a39f84326d 24.883358840942382 0.944908258676529 0.058483854830265046
534_c4c21e09e91292b03f82402961906323 23.215199851989745 0.9227678937911987 0.07039597230404615
535_c57c11cbcb97f74058c27e607f6e2d4c 23.434893989562987 0.9148615853786468 0.07952098102495074
536_c59c26c90a724e84ce27281f3b76d1f5 25.102564058303834 0.9336524415016174 0.0672080124951899
537_c6038e4cf08de1a7c805dfe4ca9f2fdb 25.055024070739748 0.9424974038600922 0.06703121086396277
538_c6441f127d51e478f0fb72d24c42a39 22.788166327476503 0.9351175887584686 0.06974881836213172
539_c6762641f741acc2a19bced881c9e641 26.773885126113893 0.9345225501060486 0.0686667785551399
540_c6978e2a0ef9f0df866f1a483075a782 26.688319730758668 0.9412505469322204 0.06494756580330431
541_c6a7b37a33b5eef728af9bd424dcd6fa 26.641084480285645 0.9610847194194794 0.04389991619624198
542_c6b98edfbb65320654b49557f8ea8b42 22.79150019645691 0.9242469387054444 0.07576547202840447
543_c6ca5b48d1e5f5ab89442e34f9143192 22.524752697944642 0.8887367630004883 0.08791297498717904
544_c6e3d9cf26016b5752aa494042b7c9db 26.527264995574953 0.9393786225318909 0.06639023295231164
545_c887bed724f4a30c31d6c59225b395cb 26.73309380531311 0.9521817710399628 0.05500833309814334
546_c896260b935971fc65d21723f535417 23.163992495536803 0.9186572375297546 0.11738616906479
547_c8bd4d0ac34266ffaaa232d0915adae9 24.085830993652344 0.9398245704174042 0.06359705081209541
548_c8d8089dade71547d2350421a9405ba 21.631841387748718 0.8952732214927673 0.10173228156939149
549_c8fb314a1866d1d2428df271ebc70bc0 25.673083992004393 0.9408258700370788 0.05069316176325083
550_c8fd6ee4bdbfa5cfbda3e4f05af7d436 24.990085821151734 0.9290925352573395 0.12019231862574815
551_c907a6cb1b178999c805dfe4ca9f2fdb 28.473004159927367 0.9663987205028534 0.04489267172850669
552_c916164d0e5c667a75ef328fc121b1c5 22.49204613685608 0.9215080087184906 0.07508462398499251
553_ca0f99974520bde12776450c3e3bf20a 27.302067890167237 0.9512028713226318 0.05703501324541867
554_ca7202152b84a70fc6a4281cffc3c014 21.985408511161804 0.8650329675674439 0.14144222496449949
555_cb19594e73992a3d51008e496c6cfd2e 25.67798363685608 0.9403785786628723 0.05547735440544784
556_cba0b54cd104c411e9d8921ebe6d5b8e 22.897633142471314 0.9302920641899108 0.1038634556941688
557_cbe2dc469c47bb80425b2c354eccabaf 21.095100426673888 0.9161288487911224 0.06976047936826944
558_ccac541c0db2044736815730d7fe4119 23.700168781280517 0.934950834274292 0.07073600538820028
559_ccca16b8302bc8bd13ded1857c15b5b6 22.36865436553955 0.9185879139900207 0.06566464353911579
560_cd67376cac9f989151008e496c6cfd2e 21.542937359809876 0.9254059181213379 0.07224094963446259
561_cd7feedd6041209131ac5fb37e6c8324 26.451969833374022 0.9403699586391449 0.06733224707096815
562_cd8956854d515c47374462542bf2aa29 26.718176736831666 0.9382629635334014 0.06785633246600628
563_cdc8453c63ffc13e20f29d4da2b76f7a 23.628123426437377 0.9145463829040528 0.07840986305102705
564_ced56d51c144b40373dc6d54075665ea 25.55914319038391 0.94263507938385 0.05940354512631893
565_cf32af5869fee4d34eb766e5a46fceab 23.312854442596436 0.9308355011940003 0.06149903953075409
566_cfac6b6374bc4fedeb7780cdb3ece367 24.077081360816955 0.9178264679908752 0.10420949225127697
567_cfb4626f879c8355b4d8ed7f5558a6a6 24.779773960113527 0.9188194305896759 0.10608414471894502
568_d04fd72c36fbc71731d383b4a9dce77c 24.32074568748474 0.9270589725971222 0.06883436472713947
569_d09039d34746615fbb164ad50a9faee3 20.12328384399414 0.9072110886573792 0.09440575493127108
570_d0cf2f187acda5736be7348aa770e4ca 28.647241020202635 0.9538074181079864 0.04426748917996883
571_d142c919254dba0e41ab8016efaf0266 27.713193016052244 0.9386602511405945 0.06364562999084591
572_d164a37bffeb5a83f04c8b6c3407554 26.044499397277832 0.9517459785938263 0.05958420571312308
573_d1acd4916d3d3b57c48db2ed8f5e994c 18.633357815742492 0.849352765083313 0.11624719995632768
574_d22a2d20acbdca70c972ff3f74d38438 21.812420468330384 0.9282760376930237 0.07769122684374452
575_d2592adba4e8e62648368c1a2f71c5f3 20.795497193336487 0.9024568555355073 0.0689863910600543
576_d2e1dc21db9b45df6436916a86a90ed7 25.42594877243042 0.9543341557979583 0.04868983539007604
577_d2efbf5a3b7ddbf94c0aa7c1668459cf 29.159974632263182 0.9585989730358124 0.056750713534653184
578_d32cd105c2dd79259d959a8bee08198a 26.604392194747923 0.9453220949172974 0.04929328396171331
579_d34b0494fc4d756ab927782fc69a1fbb 23.999971103668212 0.9214248435497284 0.07326040786132217
580_d353bf0e0dfe3ac29cbc1c09129e1507 15.584629993438721 0.870260258436203 0.15319853523373603
581_d373922da2a6c73b616f13ee256019e3 25.792385568618773 0.9230479786396026 0.06833547925949096
582_d3d121f2e2d57b5cc5903e2355330295 23.932795181274415 0.9214151926040649 0.07683692106977105
583_d3f5e04481e69974d1521952154c90ff 21.795883803367616 0.8853491842746735 0.10523585863783956
584_d47353fc60390df85d918097f81825e3 25.913235549926757 0.9318425915241242 0.06406663569994271
585_d482029701573b9a43fb5689d5ce14d3 22.370804233551027 0.9066110026836395 0.1403881699964404
586_d513c968e5bfefd2516624d6e93a68b 23.163842725753785 0.932133338212967 0.08069664791226387
587_d63110386a6bbd52d647b1c17442c93 23.426393303871155 0.9189509453773499 0.09529779538139702
588_d810d7f83632da71556235a31d374eb5 19.21685845375061 0.8586438655853271 0.15938923927396537
589_d85d6bcdc81df377f52657bb1f80be90 24.837477979660033 0.936519320487976 0.04783988920040429
590_d86119f06459e996897844133a297d65 20.28609181880951 0.859935355424881 0.11946379666402936
591_d8f813278a49463db203f960004c7382 19.270236401557924 0.8636062021255493 0.14204946330189705
592_d953bbe38edbc6f4ea999fe4ffdc2504 25.055157928466798 0.937817531824112 0.06811606788821518
593_d9838c0fcfd30659d9f8911ce020a037 23.334604053497316 0.9259311757087707 0.07056612687930465
594_da92c8d35fabe4093a67185d75524e9c 23.88897481918335 0.9386845276355743 0.06526594295352697
595_db216ae493f303f35b4953d8add91f 29.609714517593385 0.9612149131298066 0.04676775761693716
596_db392da8d05ec4d4f6d01abc93dc7d8d 22.138473653793334 0.9250296719074249 0.07195780144631862
597_db45ce3926c3ac69e8d8ad3bdef6aca2 27.45257318496704 0.9552104902267456 0.03578332923538983
598_db8eb94d24f5d8a2350dd0b332d84c76 24.237144584655763 0.9202626709938049 0.09754009895399213
599_dca8ed788347b28c171cf359a50c99bc 27.046762809753417 0.9535893800258637 0.05699453901685774
600_dd1bc8c4063a6521456a647a9e7d914e 19.620612087249757 0.908920979976654 0.07859374473057687
601_dd35ef6632cf507804272696dc83193 26.094195251464843 0.9390117692947387 0.06377740175649524
602_ddc63b22552ef13b734650590bacf709 23.753487367630004 0.9295834259986877 0.05328171448409557
603_ddea3123599a628ebecf71e2e014ff6f 24.30297145843506 0.9285697269439698 0.054872650964185594
604_de3280a89c7ccbcf946f6dc2df6150bc 23.58653958797455 0.9039004578590393 0.09143553265184164
605_de683c906ed97d7456ca31471168385 24.93949429512024 0.9358752250671387 0.04686662219464779
606_decdf28e46edc632bda733a39f84326d 28.0327272605896 0.959810890674591 0.044353391412645576
607_ded68cb3b5318425bb164ad50a9faee3 17.936507959365844 0.8626328892707825 0.13149963622912764
608_dee6d83ec808d673c4e77c640c2391c7 20.15471546173096 0.8506140649318695 0.13059181840717793
609_df34c25a1e1abe9428044fe9244db50a 25.067381324768068 0.9329168248176575 0.06386203035153448
610_df72f352c7fedcfad9951d9ecda74409 21.121421337127686 0.8991611993312836 0.07056828952394426
611_dfa6c32dec07727ee9d8921ebe6d5b8e 18.844898924827575 0.8453485689163208 0.14057043650746345
612_e042d636cfca46f56436916a86a90ed7 19.162910799980164 0.8709395003318786 0.11182430324703455
613_e1c16a07b6e974b951a95aaa6caba1d3 23.583194389343262 0.9171612246036529 0.07926243565976619
614_e1c7c7fad8802d67fd6539c5080c830b 22.841937680244445 0.900573308467865 0.06206081422232092
615_e1d2157def9f3ff469856ab03b318817 23.62813597679138 0.9168520278930664 0.09168723195418715
616_e20b8a9c388eeb012c8b6ee41d7d5d62 24.831416139602663 0.9299246864318848 0.08154626949504018
617_e213d976734431773a3afd30f2e86bd7 22.3053648853302 0.919726086139679 0.07115948992408812
618_e23ae6404dae972093c80fb5c792f223 23.37166949272156 0.9207528870105743 0.0805381887741387
619_e24f388736f4e6fd2cdd250493632937 25.957930059432982 0.9387862076759338 0.06882666732743382
620_e27019b4147f868dbda733a39f84326d 23.540513916015627 0.9402032608985901 0.06242952758073807
621_e2ceb9bf23b498dda7431386d9d22644 23.260333051681517 0.9327300641536712 0.08680646549165248
622_e300d58621f7d0e963d444e16188727b 29.39141185760498 0.9611121561527253 0.03623843281343579
623_e4886a4d0c6ea960fe21694bd5f519d1 27.364796504974365 0.9692439479827881 0.08433233321271837
624_e4cd5b3cbe9082f536699018d15f07da 26.42807251930237 0.948519344329834 0.05093633595854044
625_e56749ccdc861495b9e97c7f06f23bd5 27.417736310958862 0.9487249526977539 0.05040269298665225
626_e5a3ffca76415acc33529abacbef3013 20.71136868953705 0.892335943698883 0.11775254864990711
627_e624da8cd22f6d289bc0c5b67eaafbc 21.960210270881653 0.9154525609016418 0.0649817175231874
628_e66bbdf57fa6f7f575f257e5fe0a71cb 20.96850175857544 0.8851272661685944 0.09104772192239761
629_e673f203b40ef869567880160b3acb12 25.163637886047365 0.9437508678436279 0.044988735338672994
630_e703fadeba32d912452ffe4552686849 19.98176335811615 0.868016221523285 0.11804769135266542
631_e729c1d5c3cccfb3bda733a39f84326d 28.438078451156617 0.9557809717655182 0.04681579112634063
632_e75846320e6aa623960b997a49ac99a7 22.65639168739319 0.9185798935890198 0.08033060747757555
633_e7c5fb8f7a553da7d7755e7baabe8a6f 24.717773580551146 0.9285162210464477 0.07879419126920402
634_e7e94f8dbbe8c1e9784da3853aae78cd 27.263569650650023 0.9530877823829651 0.049588142715394495
635_e920afce255de6ee3781057335c8a2e8 25.35974536895752 0.9382213547229766 0.0616132067553699
636_e93f88a9beb9ddbeaff90a85d875467 26.099041919708252 0.9480414805412293 0.051877021450549364
637_e9b2aebf673e516d1f0d59cde6139796 25.624817123413084 0.919678780555725 0.07972859294340015
638_e9bccdd7a52f13329b3f352e6fa9112e 24.873795890808104 0.9392623512744903 0.05261368091683835
639_e9c2c31da871e0d6c203986ffbbb5e4a 19.37080859184265 0.8976212391853332 0.07698547984659672
640_ea7d39fcc3cf045dfc73a41845471b0e 26.271222715377807 0.9555367407798767 0.04594307480752468
641_ead6f85d2eaafab32aa8b7caea8a1807 25.17553550720215 0.9309187326431274 0.05185723154991865
642_eadebe4328e2c7d7c10520be41d00de2 22.456186876296997 0.9134528422355652 0.08177231625095009
643_eaf664eaf6b27cd1905f30c879d154be 22.637742509841917 0.9047433073520661 0.1415771143436432
644_eafa5935e963b0035e875676652081cd 20.400320773124694 0.8588125529289246 0.14356072607636453
645_eb1bd7389854311c14f284ebe538e531 24.351876707077025 0.9526202654838563 0.05028127478249371
646_eb56379e243b0e2090da6b3e2ed8b49d 21.236845078468324 0.9065737006664276 0.07546605635434389
647_eb59c9376d1e04ab49352dd33f95cb9e 25.793486366271974 0.9499964282512665 0.05704449884407222
648_ebd820a0694086e81f0d59cde6139796 22.63583758354187 0.9036270937919617 0.09432287429645657
649_ec42bd73d57580a85b48f89d50b1db79 27.50147933959961 0.9396212661266327 0.068417450459674
650_ec65260a83a395e850df5ffbac7e7f74 23.158707094192504 0.9171862132549286 0.0800270956158638
651_ed2e4dafc745bdd661fd7e090d4d0d45 27.272503318786622 0.9442550258636475 0.056551607932895424
652_ed4fb30733bd0979b1bb46d2556ba67d 25.855709409713747 0.9480809183120728 0.054215905286371706
653_edb2ab8a1d7e20f36436916a86a90ed7 18.935920548439025 0.8708844046592712 0.10259151187166572
654_ee1d28a50a2b71e129348d14ca881f7d 23.17487683773041 0.9306208348274231 0.07533913973718881
655_ee975a7e62edc7996a2345809e2bb169 25.79787082672119 0.9267637495994567 0.11626221815496683
656_eea7f5d02088d49dfdb3c05088c091ae 25.204974899291994 0.9426276745796204 0.041721727594733235
657_eec2ea5ac4e048836a2345809e2bb169 23.025123348236082 0.921501847743988 0.08103813933953642
658_ef15b938dcfa9893c4d922e8a1141322 25.768126163482666 0.9564290509223938 0.04503716951608658
659_ef3ed9f139571826ce27281f3b76d1f5 24.46418364524841 0.9329937746524811 0.07626184662617742
660_ef77d2e622786026d32bfc7a837f790 24.370530080795287 0.9297324655056 0.05258321816287935
661_eface8341d001e9ceb01ae4a4788bd4f 23.234259481430055 0.917969937801361 0.07099711859226226
662_f03a4533fe681a155b48f89d50b1db79 26.039990034103393 0.9473045012950897 0.05564532291516661
663_f04f2fa810b6a66994abc9429888948c 24.7650594329834 0.92507395195961 0.1039076706059277
664_f10f279643fbb3276a78cd0552215cff 24.613692665100096 0.9095062539577484 0.0812086009196937
665_f18093ac0242d439f500cc506a763c18 27.02708261489868 0.9543761601448059 0.05856608301401138
666_f1b928427f5a3a7fc6d5ebddbbbc39f 25.030257520675658 0.9320968587398529 0.0789483477026224
667_f24129eb2169197c203f35d9b3b48203 23.42997274398804 0.9287884764671326 0.0680878535322845
668_f36ce0c0cd0cfacba7742c4ce47c2229 24.56464798927307 0.9276253690719605 0.06927761460095644
669_f3760c5e8b97149163b803b494079757 23.281335077285767 0.9138132128715515 0.13107554129883647
670_f4440b2cecde4131afe1d4530f4c6e24 25.78008430480957 0.9286242961883545 0.06998859730735421
671_f4498022df553505c35f22936e5aea5c 18.315331172943115 0.834303109884262 0.1626669026464224
672_f48dcef252683ce552aa494042b7c9db 25.137944688796996 0.9287140746116638 0.0776977936886251
673_f49155170c175dff176be984cf2a7f4e 23.440578784942627 0.9297003803253174 0.06730073695629835
674_f4fffa99e8c2b9b627a00642873b9759 25.49489670753479 0.9525501637458801 0.053895008400082586
675_f51555db645f14468bac13e007a6e9 20.165768642425537 0.8868857173919678 0.10872146111354232
676_f5e0edd70d644777cf1e58caa15acb49 22.212859873771666 0.9238399682044983 0.07390928791090846
677_f60f11a1a8c8f89992691fb966926839 25.29019121170044 0.9484890305995941 0.0547499608695507
678_f66180e68fb1c98469f2880702ff1c7d 23.87029562473297 0.9132337536811829 0.09698782107234001
679_f723dd6b7a95e230c75bcb366ed55ad8 24.920808811187744 0.9386567103862763 0.06719768107123673
680_f7b61de5d6d919a8953536e7c905b301 26.199835500717164 0.9422431244850159 0.061481764283031225
681_f7c84d18011f76fe5e18329bdc55fc9 22.389294872283937 0.9025505375862122 0.08891893926262856
682_f7f7b1b4021be11afaeea7738551d104 21.010768733024598 0.8755772449970245 0.12254075502604246
683_f84ba2039d0a4ec5afe717997470b28d 25.16203232765198 0.9383528995513916 0.04945075538009405
684_f850f5ddc42bdc3a117db354abf0d721 24.745460634231566 0.9138187255859375 0.09054928662627935
685_f8954a634d103c54ea778d6c713d08dc 24.74738554954529 0.9345854768753051 0.048930131120607255
686_f8ccef3ebeaac7c0539e4d34a3035bd8 28.17076259613037 0.9562174167633056 0.044355442486703395
687_f9c2bc7b4ef896e7146ff63b4c7525d9 25.491969289779664 0.9224902472496033 0.0826406691558659
688_f9fbc58e3692c4d5583d20ad0a6b981d 23.515902938842775 0.924138304233551 0.07127458425611258
689_fa234addf8fe4f7fbda733a39f84326d 27.8982866191864 0.9613858826160431 0.044442754074931146
690_fad616172dbd52649f06afd991af5139 22.99282667160034 0.9398940289020539 0.07765966568142176
691_fcd90d547fdeb629f200a72c9245aee7 25.643682489395143 0.9447017028331757 0.060680766589939594
692_fce2b933f93d132f4f45033b2f001552 22.59134775161743 0.9276749238967895 0.06009084373712539
693_fd50bc89fc1c1cfb7041f1c5e7744b16 25.652925596237182 0.943529447555542 0.055744512796401975
694_fd7741b7927726bda37f3fc191551700 31.090737962722777 0.9652701754570008 0.03997880959883332
695_fdb16a8648016157994a3466f8481f8a 27.003301887512208 0.9415450994968414 0.08658339840173722
696_fe2ce22107693354f1cc1cb691702a23 22.40284908771515 0.9279541611671448 0.06353759472817183
697_fe3dc721f5026196d61b6a34f3fd808c 19.610959453582765 0.880882860660553 0.07886793489009142
698_fe6749c82c57137b28044fe9244db50a 26.726083164215087 0.9397526121139527 0.06173945614695549
699_fe860c6a74a86905468bac13e007a6e9 17.282377381324768 0.8273337128162384 0.15375897839665412
700_fee1c13922c07e8711b978ff9450f61b 24.154321956634522 0.9227796876430512 0.06418197261169553
701_ff3c8e21a48ed17cc1bcae9def1986da 23.005132131576538 0.9220306794643403 0.06978881420940161
702_ff5ad56515bc0167500fb89d8b5ec70a 25.80866238594055 0.9396081759929656 0.06071878185123205
703_ffbb51fcc3955d01b67c620b30c63392 28.12732077598572 0.9659691519737243 0.04742496570944786
